Time [s],Flexion(-)/extension(+),Abduction(+)/adduction(-),Internal(-)/external(+) rotation
0.0,5.968747562134509,-7.432452502762072,6.986339650986209
0.025,5.965947007604926,-7.427107691876391,6.9908333297921725
0.05,5.962439697546403,-7.432522809961433,6.995934106522246
0.075,5.963588972836196,-7.427874713498628,6.998510572806987
0.1,5.960848724846863,-7.411765770216896,6.996513186762394
0.125,5.938615292692419,-7.401059057777747,6.98915184203823
0.15,5.896890622938955,-7.402328154496517,6.982416561469605
0.175,5.844717341059274,-7.413127281142327,6.978104263011366
0.2,5.79598869666758,-7.4257852223488126,6.968316172817084
0.225,5.7454451019972534,-7.429404838638346,6.9532867102849245
0.25,5.687345767141822,-7.424595988733452,6.943219725635505
0.275,5.643846196603423,-7.427382685219886,6.942212817093324
0.3,5.6204603532130495,-7.43239220873624,6.945211607023289
0.325,5.608202240642935,-7.426064438571916,6.945496515603653
0.35,5.588872118376665,-7.4087309900352745,6.940176905199098
0.375,5.554679457568323,-7.399048649250204,6.93554937747966
0.4,5.51571590605089,-7.407723988130635,6.937190138330408
0.425,5.482251959048043,-7.409817588658042,6.942105656662898
0.45,5.447323196181421,-7.39702961577311,6.942269700958457
0.475,5.404001301926342,-7.381664851964287,6.937942115593991
0.5,5.343628741718152,-7.35857279194154,6.943645522060245
0.525,5.269269477560387,-7.325531391045082,6.976271637891894
0.55,5.18999579382178,-7.2912343747363355,7.033642268906939
0.575,5.092470244119489,-7.249441188354456,7.105410578999198
0.6,4.953281204422763,-7.18737430923263,7.191787702476953
0.625,4.760499084221527,-7.098227968532386,7.303035648373009
0.65,4.512878044532082,-6.982510508190235,7.422617237625494
0.675,4.197918567243225,-6.843832648686036,7.515128479394289
0.7,3.7850427283279497,-6.68140614388428,7.572978078050936
0.725,3.2422619320086574,-6.490997048495635,7.603165111493241
0.75,2.5579165498339624,-6.274152910324421,7.612843651184703
0.775,1.7570705463636318,-6.039700803330115,7.620385763190109
0.8,0.8966651414803394,-5.8042918604481315,7.643262321958183
0.825,0.03799186133215242,-5.596381676409065,7.674793690160456
0.85,-0.793612999473228,-5.44440112414893,7.698415981662104
0.875,-1.6093998349957053,-5.393946821919764,7.6819994487288525
0.9,-2.441827911514783,-5.505445925703284,7.60579340671369
0.925,-3.3260408425155803,-5.829274535969946,7.440645888945528
0.95,-4.2563929278403645,-6.395704408701758,7.062091900749168
0.975,-5.199289781357696,-7.204605112720787,6.39003071590955
1.0,-6.2241601879819175,-8.189707786474628,5.617293971071679
1.025,-7.396729212184017,-9.199639623163712,5.155935309225892
1.05,-8.495864843983972,-10.137186770825801,5.075073771128391
1.075,-9.130443996454025,-11.041640433466254,4.77286084397101
1.1,-9.25534954685229,-11.768463366966706,3.795806233222713
1.125,-9.46426077248939,-11.806942792586067,2.675904378407848
1.15,-9.960160564644744,-10.85558626861013,2.3301222905573655
1.175,-10.292027977745517,-9.161406812140735,3.0916700480850285
1.2,-10.186743552318239,-7.626850331445128,4.701337060214035
1.225,-10.144355848157426,-6.951664151777381,6.609078425593597
1.25,-10.64423930318442,-6.614519870568354,7.952436049478539
1.275,-11.275400378911282,-5.87993707449165,8.172867455541576
1.3,-11.571312802738897,-5.013370483028343,7.513896969602205
1.325,-11.700238644402555,-4.4130076373531875,6.550831239442445
1.35,-11.74852066413948,-4.01529837216215,5.765583031316787
1.375,-11.566153913534249,-3.6701682663819426,5.283865938978677
1.4,-11.235611063372879,-3.321086552289991,5.086362693139745
1.425,-11.042110832352925,-2.9405511358874183,5.340698023362354
1.45,-11.128777230961838,-2.5564239641169877,6.206353514230033
1.475,-11.440690612118358,-2.19474993181946,7.50287370276198
1.5,-11.836368940756293,-1.8155363618085494,8.749152048613794
1.525,-12.20124479529586,-1.3682915335996393,9.58856273915629
1.55,-12.548445548251932,-0.912779347937627,10.046666709441393
1.575,-12.876767237892953,-0.5366776936171295,10.316731799610018
1.6,-13.12687624861675,-0.21370895144197152,10.543252965481328
1.625,-13.310828100294183,0.14104393199247334,10.798272128730355
1.65,-13.446551415107391,0.5767073239461116,11.03614771851831
1.675,-13.500073582710055,1.1261726266070322,11.224714011220552
1.7,-13.454835196665316,1.8149921907032343,11.429484953493533
1.725,-13.316866705277896,2.609509931768908,11.707750196977056
1.75,-13.075410961152395,3.4222698301189887,12.044344479888313
1.775,-12.723560440501537,4.1711604565268345,12.378354682023165
1.8,-12.230427644225218,4.760858395966107,12.63403306695438
1.825,-11.597464957179056,5.164785668481763,12.764103467838941
1.85,-10.934630360095232,5.612341228635033,12.728437015966987
1.875,-10.29761312292697,6.3111898992098485,12.47563440678238
1.9,-9.507032928684604,7.227758455433905,12.034407620838842
1.925,-8.374743747100807,8.107529235740166,11.552074128658912
1.95,-7.221463191572346,8.612911666118132,10.945861940402015
1.975,-6.724398456926527,8.514073848459766,9.910602523945846
2.0,-7.280748201796521,7.880519636989266,8.549562136344479
2.025,-8.631840525762632,7.02023644240312,7.394562404749219
2.05,-10.171969744128473,6.234573994285461,6.6996579943875085
2.075,-11.41968742130163,5.492088190475942,6.183470864739397
2.1,-12.553304509663706,4.522220023892178,5.4227939322974565
2.125,-14.077927665386152,3.233516566399306,4.437499349527993
2.15,-16.013675223868635,1.809074014640246,3.563121222173149
2.175,-17.731947891205692,0.36055538500755874,2.871001998211071
2.2,-18.675220268916146,-1.1632544921742851,2.1524014318362372
2.225,-18.952422591115162,-2.707259349390685,1.3114251394189849
2.25,-18.979141670524044,-4.108222507074012,0.38818868771076703
2.275,-18.986726429879035,-5.27425777633027,-0.48918755967906596
2.3,-19.071981272124187,-6.175439814741145,-1.1742452545677406
2.325,-19.25350944796495,-6.825358725086496,-1.5706946507195223
2.35,-19.368930364769255,-7.3018316003309955,-1.87405756025879
2.375,-19.183405555051475,-7.71958097004625,-2.302419787847256
2.4,-18.71482669474217,-8.227657131998448,-2.6761099423759003
2.425,-18.168170191444002,-8.798116426523471,-2.8075628976229643
2.45,-17.710322641952914,-9.204797132706021,-2.759205497182672
2.475,-17.384373196579173,-9.277205961105102,-2.638907771716641
2.5,-17.230685568925523,-9.016301264199425,-2.486492505319394
2.525,-17.267575040829538,-8.579401276631314,-2.1894432413885703
2.55,-17.48656653355674,-8.309133923570025,-1.6384402903651434
2.575,-17.918500514975825,-8.362102794206127,-1.000401601358005
2.6,-18.64890125309104,-8.374746692836645,-0.5930880832484283
2.625,-19.657370385488466,-7.9268403392780264,-0.4138276835969549
2.65,-20.54929338485852,-6.992796650191816,-0.1708419547851461
2.675,-20.792265910351908,-5.7700695588091655,0.1571896175732754
2.7,-20.197479697000958,-4.866134720020776,0.6941394879784463
2.725,-19.152528963485093,-4.762370014076049,1.7609524636706264
2.75,-18.231828379671363,-5.069076204543184,3.163055345144783
2.775,-17.731203649080616,-5.082553596782344,4.147971802892545
2.8,-17.518465685077814,-4.898328237987038,4.308607379251779
2.825,-17.156249285298994,-4.978491967069422,4.0087866263521645
2.85,-16.630006668666063,-5.4062875872234635,3.63578217369385
2.875,-16.25072115343161,-5.83222520382773,3.1074264548303305
2.9,-16.366952036745744,-5.859427080814838,2.1915354073892495
2.925,-16.927412812910053,-5.63544897851942,1.1812187089585713
2.95,-17.41722035876966,-5.588602004481455,0.5896916538006984
2.975,-17.604388648765553,-5.893070583737682,0.3888847370256553
3.0,-17.78334727291111,-6.255014303174314,0.12926201428496487
3.025,-18.2576895759736,-6.328381919103018,-0.4557795268089846
3.05,-19.082692933647813,-6.030856365314542,-1.3810907856985313
3.075,-20.133437379812545,-5.411799853853598,-2.478333019343597
3.1,-21.2531211819385,-4.528787286081956,-3.5769276623754838
3.125,-22.385301002791895,-3.4617527851687457,-4.674878803439661
3.15,-23.577875054649937,-2.2422447127105873,-5.827125019341308
3.175,-24.99022563898346,-0.9052206678740602,-6.832870980262141
3.2,-27.061738325689017,0.356310711633126,-7.444396283563682
3.225,-29.96199511934573,1.386581835496635,-7.586543977460877
3.25,-32.707832316151396,2.1404626505726254,-7.186723745850276
3.275,-33.71648880215883,2.518758884690762,-6.138212477883436
3.3,-32.62297661245013,2.533484892222498,-4.516010277994576
3.325,-30.562880982267256,2.5002411700666975,-2.5653880623191814
3.35,-28.740505558481917,2.6007353329154226,-0.6383190794980826
3.375,-27.751939306622553,2.943731747936017,0.9426265230238666
3.4,-27.529292485107778,3.4841894566017566,1.8461265128771582
3.425,-27.42479420895511,3.829860094710396,1.7313809329721859
3.45,-27.836051351937172,3.649792367177673,0.4029634568647556
3.475,-30.368182719492918,3.4965641636005262,-1.7408925047018617
3.5,-34.556168094458066,4.209521619448243,-3.5924592467412446
3.525,-38.16811481448655,5.385940589927882,-4.9059039341073865
3.55,-41.16886240638954,6.835814417715406,-5.784588912108043
3.575,-44.25750911074187,8.382440562815448,-6.112434718740176
3.6,-47.54508879788795,9.46491229026111,-6.056074927241283
3.625,-51.05053672015824,9.864107236254931,-5.798529817361774
3.65,-54.53749403450557,9.796118870203998,-5.495310541162145
3.675,-57.963842277397376,9.747329845442476,-5.600558727367324
3.7,-61.14638262528496,9.839879618184183,-6.297417057114665
3.725,-63.90193266756008,9.907335102410505,-7.443613121672091
3.75,-66.35066033010149,9.97207233098192,-8.86872484767466
3.775,-68.67537634877779,10.215293398384476,-10.322855045175066
3.8,-70.89236753257182,10.651541956039873,-11.587159368960146
3.825,-72.99799906066164,11.098805526399943,-12.594097342847416
3.85,-75.034429210524,11.479908660513257,-13.414177487515135
3.875,-76.87517231467476,11.795103961748358,-14.136684210581858
3.9,-78.37826023118893,12.072610865763389,-14.778927682659162
3.925,-79.51646166023919,12.404984291487164,-15.347978886737376
3.95,-80.34205482538894,12.854266694474443,-15.852828530237595
3.975,-80.95684507618869,13.384100832470425,-16.285288840305288
4.0,-81.47217933764806,13.892062265979897,-16.62634169336572
4.025,-81.97682398366558,14.311579531718268,-16.880995852707922
4.05,-82.496497250629,14.656558439487565,-17.090325533952573
4.075,-82.98377134933963,14.945568630034174,-17.28624827144262
4.1,-83.3782377158036,15.163614446120627,-17.47977318596471
4.125,-83.68051981471217,15.306542765052018,-17.666886165066703
4.15,-83.94011409645155,15.427591304404007,-17.829813017983557
4.175,-84.17809310235947,15.584847314171975,-17.95356526026279
4.2,-84.38098321812555,15.778734443253374,-18.039717040641904
4.225,-84.53404607427674,15.967129703017553,-18.110021303059067
4.25,-84.64177412560846,16.111464738725406,-18.181858159146554
4.275,-84.71955591999624,16.213622602242467,-18.24658061272868
4.3,-84.75953525855897,16.28572920184348,-18.284791260009612
4.325,-84.74752960272045,16.332564695988605,-18.288553093700912
4.35,-84.69272207885112,16.368383671504308,-18.260565469190226
4.375,-84.63285524803393,16.410923162635445,-18.21295890352217
4.4,-84.61149865069532,16.46061051164617,-18.16986083460688
4.425,-84.64912195593178,16.503271730776547,-18.159621375824102
4.45,-84.7287854193846,16.528284912911115,-18.19593588285321
4.475,-84.82596030252155,16.542273879779472,-18.270732058478885
4.5,-84.93932995004559,16.554364341881797,-18.367036217647136
4.525,-85.07408811528228,16.5646313650728,-18.47318365802298
4.55,-85.21960599695247,16.575860718391777,-18.583205136174126
4.575,-85.36566552693192,16.59592975504949,-18.69031198187175
4.6,-85.5204775261057,16.62965576114213,-18.790546953931038
4.625,-85.68384633332062,16.671401158198588,-18.880131896603565
4.65,-85.8310233998686,16.71982346183472,-18.960710480966064
4.675,-85.94839004717073,16.779807094780466,-19.024778026949498
4.7,-86.04906132542456,16.854549917303043,-19.051951532177878
4.725,-86.14383792661324,16.944462495875808,-19.043819151117198
4.75,-86.22736114926177,17.05535190188054,-19.027900226907406
4.775,-86.28404475869048,17.19030296470743,-19.028089797509416
4.8,-86.30320935181649,17.34059655808506,-19.05419317430625
4.825,-86.28790943459151,17.47923772958534,-19.09934167437522
4.85,-86.25208879308008,17.584254005792612,-19.15020860724364
4.875,-86.22386150995193,17.653253643923794,-19.189035853302162
4.9,-86.22290677351381,17.691095469341356,-19.207104033791403
4.925,-86.23528989267434,17.708880064697762,-19.215096850346516
4.95,-86.23722554206266,17.720768369094916,-19.22306694564911
4.975,-86.2312001698023,17.738976051580426,-19.233872528252846
5.0,-86.23139654563684,17.77008688905904,-19.244224749699004
5.025,-86.234702988554,17.801528376737444,-19.247392710811773
5.05,-86.23744293204122,17.82130836311159,-19.25197397271722
5.075,-86.24728943769814,17.832763819757613,-19.27047356207923
5.1,-86.26464345677223,17.83810599211133,-19.295377423322506
5.125,-86.28063877714317,17.836983553500303,-19.313514811982355
5.15,-86.29297069638399,17.82916747844955,-19.327262681396196
5.175,-86.3079008135679,17.823370997347734,-19.346916142809288
5.2,-86.32334111310941,17.833557349004,-19.368354716392712
5.225,-86.33040201365941,17.860350174258617,-19.37996896843092
5.25,-86.33123009859466,17.891208139461153,-19.377534628948847
5.275,-86.33055220344345,17.908742241582324,-19.366409892925834
5.3,-86.33197537388097,17.907559242793095,-19.358463010681696
5.325,-86.33850889387249,17.90341866401011,-19.361717054590134
5.35,-86.34899034618337,17.915604386919526,-19.37644557316057
5.375,-86.35003781590576,17.938117015960522,-19.401342858826247
5.4,-86.33821640210724,17.950384818913673,-19.437748280327995
5.425,-86.33080720234443,17.947142447673137,-19.486446534786104
5.45,-86.33556108632854,17.932473057771233,-19.545629450661377
5.475,-86.34814634527221,17.90553241272753,-19.606858729987692
5.5,-86.369761339053,17.86438683203076,-19.658488024288754
5.525,-86.40411810044041,17.818517195524038,-19.69971122468514
5.55,-86.44682170177994,17.777259684079077,-19.73852257910962
5.575,-86.48655840053159,17.738140670289354,-19.780679929824203
5.6,-86.52785739031437,17.69847453687093,-19.825229231295044
5.625,-86.58869111130608,17.65215218080427,-19.871757638047526
5.65,-86.67043589498748,17.587304395487887,-19.92608264462372
5.675,-86.7555570236486,17.50302535743046,-19.98885699257522
5.7,-86.82689595430962,17.41571915267094,-20.055940752271738
5.725,-86.8817129361964,17.338108043721906,-20.12427081867324
5.75,-86.92952332698695,17.27337388949391,-20.186743451637597
5.775,-86.97957791638402,17.217740165543393,-20.24084080551875
5.8,-87.03832988274173,17.161710121273288,-20.29228252494406
5.825,-87.10718111460443,17.097605138933027,-20.347936612969175
5.85,-87.17838582839937,17.02469300876457,-20.407470737782127
5.875,-87.24140246491228,16.946230722069707,-20.47198962721078
5.9,-87.29377686571154,16.87684864167067,-20.547600244223858
5.925,-87.33549569990808,16.83666952748825,-20.625650791140835
5.95,-87.35570735771024,16.822800720254175,-20.68772237314294
5.975,-87.33091494289732,16.808491884822303,-20.718840530231514
6.0,-87.25659378338068,16.771089348658847,-20.71018989189273
6.025,-87.14950559511088,16.718167931161886,-20.66589808973707
6.05,-87.00771977895316,16.688628983815523,-20.590505527691235
6.075,-86.80432326924024,16.712492668102907,-20.48258529998253
6.1,-86.53051139809274,16.770719785346493,-20.342953191888828
6.125,-86.19647192374626,16.79198542082915,-20.160122969078607
6.15,-85.83962750232051,16.682416095625626,-19.88887509900355
6.175,-85.5182737176205,16.41193864728399,-19.505877054754468
6.2,-85.2454390456745,16.035764237958045,-19.02716826752956
6.225,-84.96251571960988,15.63517984002551,-18.4907378664191
6.25,-84.59089269272015,15.256608107154992,-17.941003278984734
6.275,-84.10314001169397,14.906290264048804,-17.420902538315094
6.3,-83.50780053266253,14.569823954558728,-16.942539363177076
6.325,-82.83788706480111,14.227961743906631,-16.4575911640003
6.35,-82.13363314989358,13.864677526341948,-15.914457099242586
6.375,-81.38497299603564,13.461757300367008,-15.301408958469798
6.4,-80.55737959311757,12.981168295711829,-14.607912443877296
6.425,-79.68617500142366,12.37683652471504,-13.82634377454747
6.45,-78.85688974899018,11.62356754304706,-12.995516213761906
6.475,-78.12574290649181,10.755265367957707,-12.183108826923801
6.5,-77.53222715590093,9.885344225046964,-11.435647624591873
6.525,-77.10002923359706,9.147652668528567,-10.785261430848422
6.55,-76.80706747478669,8.616929217018962,-10.253935857722691
6.575,-76.58965523623989,8.294243850967778,-9.83914508845832
6.6,-76.40357060184041,8.110033501679291,-9.522274243651278
6.625,-76.25662146391583,7.985388778870994,-9.30846517783202
6.65,-76.22347879677955,7.909740800390569,-9.223152269502846
6.675,-76.40349945527508,7.897177939664675,-9.248465486088316
6.7,-76.73999714966011,7.925084741239721,-9.344261245325391
6.725,-77.0855517264644,7.969896444534988,-9.471827534034839
6.75,-77.36324073645532,8.087719380411109,-9.615321848177881
6.775,-77.57696966313395,8.352307993402802,-9.81507695183021
6.8,-77.77985386628019,8.722383827200039,-10.129964217018955
6.825,-77.99389438939363,9.120706117101987,-10.50756155910829
6.85,-78.18056331622864,9.609850108879584,-10.829379459237593
6.875,-78.37457160959796,10.274721472916461,-11.068481518068214
6.9,-78.70814047606247,11.010704442345633,-11.286921675696336
6.925,-79.22101946788116,11.594775884873963,-11.567617437212023
6.95,-79.7988761634053,11.946153213378508,-11.967528193254653
6.975,-80.27593259969761,12.195170677350053,-12.505624561682732
7.0,-80.58747325699055,12.501850474948444,-13.144014029856242
7.025,-80.80073143716993,12.929167376875805,-13.809699655043824
7.05,-80.986405626565,13.455770798673244,-14.428629793473577
7.075,-81.1724303431038,13.986811033231596,-14.944705566226975
7.1,-81.37415914787856,14.400489378435205,-15.364025209419538
7.125,-81.63135938174788,14.635112365121017,-15.735646606527517
7.15,-81.97880487628929,14.693885518547901,-16.076146697628108
7.175,-82.4101867960775,14.624974606192083,-16.36029143353893
7.2,-82.86897020811224,14.489130530807532,-16.57383935062488
7.225,-83.25661032184286,14.30981638725929,-16.72267510905984
7.25,-83.49079807579223,14.104484553015887,-16.824906887003582
7.275,-83.57504970547387,13.920007606926077,-16.88926490065589
7.3,-83.58476555372224,13.780295718105831,-16.908206229176553
7.325,-83.60856046972137,13.656808754125208,-16.877940915854392
7.35,-83.69037105238557,13.50801861142219,-16.80618033686579
7.375,-83.80949438170454,13.308290941143104,-16.698899023239527
7.4,-83.91198266966177,13.08092945631991,-16.554469774453004
7.425,-83.96678816315028,12.89919116669971,-16.382672984041367
7.45,-83.9711775094768,12.803756458160306,-16.205475982521907
7.475,-83.94539210116922,12.76445095805467,-16.034379720497732
7.5,-83.93473563154724,12.740672065352568,-15.861291186871018
7.525,-83.986587051647,12.731508078382635,-15.686169753217094
7.55,-84.10584262164771,12.71624373607755,-15.527460562202121
7.575,-84.25046551394057,12.662011673862876,-15.409770037495813
7.6,-84.39192984655467,12.619013852878803,-15.358530605222173
7.625,-84.53688109470927,12.693886913643167,-15.379979106358338
7.65,-84.68751009405742,12.914930094771654,-15.453238377820092
7.675,-84.83004629191393,13.217019313648445,-15.556314836174888
7.7,-84.9420604660453,13.515609721045868,-15.676328320289116
7.725,-84.99376178667511,13.75887635558975,-15.791047288677515
7.75,-84.96952990257375,13.968837813348026,-15.891347355083228
7.775,-84.89859231746966,14.215654459379229,-15.979697212575116
7.8,-84.84536302809164,14.520424181170155,-16.049806810515143
7.825,-84.86340778505732,14.828987364767565,-16.107890854227257
7.85,-84.94952677452113,15.085891573065624,-16.180387595756294
7.875,-85.05781937073954,15.283660392797112,-16.288410186985544
7.9,-85.15208781150412,15.45422040361959,-16.42029915070843
7.925,-85.2084236632333,15.624104922434991,-16.537535618874326
7.95,-85.2017121260448,15.793848778858537,-16.615703878075912
7.975,-85.1478872864037,15.968392068633642,-16.666686865781088
8.0,-85.09967229655635,16.162362477803857,-16.71224868843712
8.025,-85.08770751757056,16.346762066187104,-16.753097526143154
8.05,-85.10162783861688,16.470473173468726,-16.784168071151722
8.075,-85.11887614130248,16.52986502573427,-16.819193024729582
8.1,-85.12870268319755,16.5701656584111,-16.8678113832539
8.125,-85.13180129157683,16.63486734305983,-16.921245774449602
8.15,-85.1328727532394,16.734125246044716,-16.969155646952554
8.175,-85.1445613293174,16.854262629240267,-17.00585935633819
8.2,-85.18265578280496,16.978326429185863,-17.030597548500772
8.225,-85.24922609626034,17.089044324291812,-17.048083455346035
8.25,-85.32336195040041,17.164480668031487,-17.06265163947111
8.275,-85.39608439170935,17.19098698024273,-17.080736479302086
8.3,-85.47239589679336,17.19063916645238,-17.11552434873912
8.325,-85.5358632349001,17.216863164552443,-17.17356823367859
8.35,-85.55236642812424,17.289030054802453,-17.24025425575527
8.375,-85.5204425953657,17.376371906016825,-17.290264202438777
8.4,-85.47556687925761,17.454063653216288,-17.318162274848977
8.425,-85.44463795493579,17.521551273800725,-17.33815338014532
8.45,-85.43915635914128,17.574459726789474,-17.360351276066968
8.475,-85.46174650838475,17.60063018054054,-17.38201706827536
8.5,-85.49453954966977,17.595425501189652,-17.403054434122733
8.525,-85.51778648311596,17.563218329937122,-17.43485624765895
8.55,-85.5212524284678,17.532235297424066,-17.48224393744753
8.575,-85.49473407508682,17.535450895368125,-17.52309821265554
8.6,-85.43737684599294,17.566632522356393,-17.533987337506083
8.625,-85.37475765251885,17.59037728208361,-17.52167651212382
8.65,-85.33669263018405,17.586717917882815,-17.508046979083137
8.675,-85.32831809249947,17.55953382093274,-17.506873339090667
8.7,-85.33798088697156,17.51726671379603,-17.51910941633387
8.725,-85.35295198290213,17.466562858680266,-17.541674303629605
8.75,-85.37071437093554,17.41839086300715,-17.57586939021945
8.775,-85.39211669456623,17.38093584202046,-17.62540801690949
8.8,-85.41185979573147,17.36187936931427,-17.678512432210812
8.825,-85.42176056901913,17.36604247693481,-17.712718126721988
8.85,-85.41443381846149,17.387136156174723,-17.719209271032845
8.875,-85.38844507771908,17.403333670532707,-17.71050390217138
8.9,-85.35528445627043,17.39717074685059,-17.696422631636878
8.925,-85.34140828211802,17.36606533936828,-17.671520955029298
8.95,-85.36283361489541,17.31296599723832,-17.633840026684602
8.975,-85.40057158187697,17.235836934764276,-17.596689189458665
9.0,-85.4160508611364,17.148645480278297,-17.57450993424851
9.025,-85.38762111340651,17.07930224083382,-17.564436947921095
9.05,-85.3185809148819,17.039565853762618,-17.546505359806986
9.075,-85.21991866139466,17.015148710092227,-17.496557651257373
9.1,-85.08578030528923,16.985905640923693,-17.398957792825993
9.125,-84.91117741871926,16.927014523815963,-17.253668585589686
9.15,-84.71575753819408,16.8025927835088,-17.09266022661785
9.175,-84.51623884856731,16.608611109943762,-16.936209636734517
9.2,-84.30739778785929,16.374801783652153,-16.75688043267983
9.225,-84.06644245985471,16.11551601955855,-16.51122465552264
9.25,-83.769129350986,15.8470871582895,-16.18717345431642
9.275,-83.39598722283361,15.602180780656855,-15.796799433126068
9.3,-82.9304360491752,15.370770915518765,-15.34505079444931
9.325,-82.37522167882065,15.120094790492148,-14.831691837770794
9.35,-81.7473810522019,14.85374470644229,-14.256648579696769
9.375,-81.04130346922615,14.571268624170585,-13.629404215197434
9.4,-80.26317689802259,14.242342285067828,-12.96976253376218
9.425,-79.46519880784045,13.854424626931253,-12.300954284589452
9.45,-78.69641616132783,13.406076197894055,-11.633237971881561
9.475,-77.94362073458333,12.848288282038451,-10.970326466655385
9.5,-77.21627363426606,12.126618866052379,-10.341210165615788
9.525,-76.64728602364187,11.259835259689101,-9.821809180578033
9.55,-76.39437985753544,10.284379110377264,-9.50777026570304
9.575,-76.38758721853313,9.152986298428736,-9.452578452953082
9.6,-76.36563304643822,7.855710620407965,-9.650827232241216
9.625,-76.21158237981318,6.576179320177392,-10.085919641167905
9.65,-76.00703600091134,5.488899349306499,-10.731527126209262
9.675,-75.84811139378185,4.5280284876044,-11.529708616087797
9.7,-75.76816566100275,3.5597517217569745,-12.380860001405223
9.725,-75.79884932357552,2.628769279690363,-13.157616052120327
9.75,-75.88989127148021,1.9265473170718408,-13.734596393717087
9.775,-75.88440604726313,1.6387794107111562,-14.038876291858593
9.8,-75.75249392113439,1.7705902541190013,-14.123410542401158
9.825,-75.7439581114044,2.1313146704236465,-14.16377956021495
9.85,-76.07327559811272,2.6061965242614957,-14.245080681569503
9.875,-76.6406557148841,3.2290547564864647,-14.272469341518239
9.9,-77.23754330069205,3.9927185386273565,-14.176009882543125
9.925,-77.77694211842083,4.630649350978894,-14.011563463496353
9.95,-78.23294615536375,4.751685588206722,-13.880400872905664
9.975,-78.52005999532385,4.26310797315775,-13.857036493503266
10.0,-78.50075138199345,3.4599233089015087,-13.987231723369222
10.025,-78.18241652196185,2.779592454836459,-14.244148524105999
10.05,-77.7752478285082,2.487743414159696,-14.516484887393247
10.075,-77.45707892116567,2.4840382816789526,-14.670607343608383
10.1,-77.18967933180733,2.4821017925837,-14.64495426640064
10.125,-76.82553167884477,2.297710915617488,-14.497091730120989
10.15,-76.31453153238367,1.9556360886281263,-14.323238594021593
10.175,-75.6927972833866,1.572616900093225,-14.183838813489837
10.2,-74.94506241087599,1.2140440181722436,-14.09422177425637
10.225,-73.89591890897127,0.8703586176320265,-13.999930029779271
10.25,-72.37735339898553,0.5297978938875105,-13.806250571740973
10.275,-70.43328858492389,0.18781787322818153,-13.445134106755914
10.3,-68.2902055187687,-0.22219164150343926,-12.907078106669218
10.325,-66.14930833727476,-0.8170043878920374,-12.192343222939312
10.35,-64.02185515803448,-1.5849888113718629,-11.282449904246313
10.375,-61.78920099160792,-2.320472117985186,-10.200773999476148
10.4,-59.39852774153987,-2.8755707264613806,-9.002166852310207
10.425,-56.96319026376167,-3.1830955185876038,-7.698681346356712
10.45,-54.57384246600112,-3.2116970703425687,-6.284547599054054
10.475,-52.17764703119515,-2.9792393432797017,-4.711238513415482
10.5,-49.5533284637649,-2.568943729282972,-3.0054298550110965
10.525,-46.53344442162224,-2.1355150911925893,-1.3186552091145778
10.55,-43.27032903609678,-1.7660780844863453,0.2715943716740066
10.575,-40.06764225796781,-1.466231456836032,1.7984781325942334
10.6,-37.170808802047944,-1.2734862171980228,3.2412219904060144
10.625,-34.7008382242995,-1.2244937993432898,4.468261840273041
10.65,-32.578603920716176,-1.255392286314206,5.388366617034699
10.675,-30.57750159796466,-1.1889088399701397,6.096864783935337
10.7,-28.58518817567144,-0.9142230893537899,6.757661047375523
10.725,-26.621292919761753,-0.4961877703123879,7.472843887859849
10.75,-24.798187559242233,-0.0996575740407746,8.231660349656313
10.775,-23.32859459862067,0.17695242524631122,9.003186515303364
10.8,-22.46106562663258,0.4023695094615819,9.767863904023264
10.825,-22.281845119118145,0.6746434139434485,10.473312759156482
10.85,-22.585652773333916,1.0218364007088916,11.112006538426805
10.875,-22.95900673886822,1.4143757107133579,11.651886490744948
10.9,-22.937665701656943,1.827453296889042,11.993856688352293
10.925,-22.434556364318013,2.306362996793876,12.181692693343717
10.95,-21.624720650359755,2.884020746342519,12.337502192869463
10.975,-20.530677346711254,3.491216954264089,12.485625061093769
11.0,-19.149841600374923,4.0239722210670905,12.671235874277997
11.025,-17.502216972777905,4.332391525879738,13.010899164950615
11.05,-15.660134139049319,4.306411595948876,13.450377050201544
11.075,-13.735984326929126,4.0182959242857175,13.74491555465199
11.1,-11.904954404163131,3.596637556340684,13.79487691918624
11.125,-10.36250377825211,3.2346819184022277,13.677669089034119
11.15,-9.09951746107195,3.2923336050527943,13.225115284071977
11.175,-7.549509930342502,3.828733413808411,12.067885196337807
11.2,-5.798439424290041,4.436341676458881,10.280385001081566
11.225,-5.140617456257415,4.663534093035696,8.208277956947486
11.25,-5.975328484452477,4.3890139868991,6.542403951361974
11.275,-7.561271368222223,3.8301017027016155,6.239008270400688
11.3,-9.299886153467945,3.2917847130333806,7.293435517109547
11.325,-10.938056981403495,2.7724288704540077,8.439251837063388
11.35,-12.324666999752605,1.9302141657793557,8.752202685750017
11.375,-13.74048847342274,0.5444524670773543,8.515556570118685
11.4,-15.488385938471597,-1.221405689462536,8.373873616905986
11.425,-17.164228994390786,-3.02922910525798,8.273184675676873
11.45,-18.326466113501827,-4.5772175639332175,7.706410573443287
11.475,-19.050869261468403,-5.820327685950141,6.479135737192075
11.5,-19.601588581424004,-6.871533847328771,5.026253013949579
11.525,-20.192758085596644,-7.692654387573953,3.8749454239109924
11.55,-20.660568044877724,-8.256382625636705,3.1070396450723687
11.575,-20.741899769256676,-8.714897287303396,2.419383457710897
11.6,-20.400655717897244,-9.13371033676389,1.5170049122026952
11.625,-19.74852109073988,-9.448854298010867,0.3709786828660626
11.65,-18.83061148549614,-9.73588061691841,-0.8251118632093946
11.675,-17.77390039625888,-10.15968732033868,-1.7412095433091677
11.7,-16.860158268300676,-10.638986463293167,-2.2321944469090713
11.725,-16.255404931995876,-10.822860424537469,-2.540951862275414
11.75,-16.019673324787252,-10.384543428790547,-3.0030649721368303
11.775,-16.286386910147254,-9.357092784529932,-3.4776902195338577
11.8,-17.01452592201306,-8.280031506535025,-3.416287897827339
11.825,-17.89460279352329,-7.900852873502717,-2.7548115667116875
11.85,-18.531157658763462,-8.536099666366061,-1.9321031597441403
11.875,-18.684007536199356,-9.5864470940778,-1.0949813488674265
11.9,-18.313059077252294,-9.91908128522702,-0.2826646759134524
11.925,-17.4632374309238,-9.19290920261389,0.3221074709221232
11.95,-16.095590061310414,-8.414341927401626,1.0548037873855869
11.975,-14.192770898434585,-8.483149450666893,2.353030745167555
12.0,-11.914525404888852,-8.953136189114142,3.693501450534392
12.025,-9.788101886240423,-8.861388500500912,4.105948366367557
12.05,-7.986395254406606,-8.255225826147447,3.616595230352584
12.075,-6.132995451512584,-7.868990536526035,3.252837974194567
12.1,-4.1928809930831585,-8.044185907753045,3.6000176773717443
12.125,-2.4808148117433557,-8.562400748896245,4.244613978394095
12.15,-1.1764202186181212,-8.954348924340158,4.651082360111277
12.175,-0.19040996348725775,-8.98308480291077,4.749226436174218
12.2,0.8115028221434254,-8.898796556669783,4.663816753466015
12.225,2.0319731437357564,-8.963139261195224,4.481191141562824
12.25,3.405953390687959,-9.214684652330792,4.309198990430419
12.275,4.763057991352066,-9.601693002964408,4.278052504318503
12.3,5.969041215693592,-9.991359885868503,4.359427605378674
12.325,6.825386357579104,-10.084664188315879,4.4081938846875515
12.35,7.152660670008427,-9.66146649062012,4.4971648432294264
12.375,7.124356324153522,-8.676723937655984,4.75086099253419
12.4,7.1403136344359215,-7.380066262216713,5.004348091066992
12.425,7.134467934459183,-6.264089527533116,5.265894045485417
12.45,6.905749198764618,-5.821817615249875,5.476404703068731
12.475,6.352332658716153,-6.12267302383479,5.151074631121027
12.5,5.253203860515728,-6.6968159787193855,4.110030373409819
12.525,3.297539984939469,-6.947640496464907,2.841338778705866
12.55,0.4423721232501735,-6.518495753360727,1.8887963841216269
12.575,-2.9417726530614754,-5.424151212017716,1.3910062618095478
12.6,-6.320783986339653,-4.253410345419871,1.4320132984878318
12.625,-9.454104018709199,-3.827716550373842,2.06357940610059
12.65,-12.14641202626077,-4.380857108734986,3.0989438511523844
12.675,-14.387644461777882,-5.4692454387392635,4.358863840874838
12.7,-16.291286729464016,-6.551353733136913,5.480064480694059
12.725,-17.69838328672509,-7.309404869004638,5.844593937954209
12.75,-18.488506546157197,-7.671092958179289,5.337507939642384
12.775,-18.866614938733555,-7.782811815989313,4.427272489952216
12.8,-18.89675589076285,-7.796505609656415,3.4225979675263667
12.825,-18.242512862808347,-7.877845710522266,2.269295327646759
12.85,-16.826297879633675,-8.192785888153695,0.9926751703484932
12.875,-15.13559213282841,-8.757547967859614,-0.13085568728714847
12.9,-13.711685895457407,-9.429576629150802,-0.8997972323516711
12.925,-12.716384353219517,-10.078379335152386,-1.3358309351623856
12.95,-12.176451248949222,-10.557632964221922,-1.4418745488309972
12.975,-12.300897333800398,-10.661498211424743,-1.2388858001461047
13.0,-12.926149480070348,-10.323744651588962,-0.8872351332331854
13.025,-13.410908885012088,-9.762431105517436,-0.47429323964179215
13.05,-13.299122513723736,-9.49493549659108,0.042699686864133564
13.075,-12.523891418945768,-9.981654122583311,0.7169818429867143
13.1,-11.041353458439279,-11.119946953904726,1.3905459557817277
13.125,-9.18730855420069,-12.095491625573416,1.5509422319563586
13.15,-7.757509282687287,-12.324374534258782,1.0236148801780331
13.175,-6.926383279066426,-12.173143973715101,0.8589515898957877
13.2,-5.788339632384493,-12.204145820672112,2.0027130020430453
13.225,-3.8854323623584444,-12.327086080879889,3.5030016394987697
13.25,-2.3023398028262,-12.396220735184619,3.951533560571586
13.275,-1.4283187418592718,-12.8014210800048,4.131307050662198
13.3,-0.19665731673201015,-13.56370663670922,4.762270891210711
13.325,1.5073214501582604,-14.163566965387286,4.707788285143538
13.35,2.9557967837448818,-14.411506990631153,3.778427550378358
13.375,3.9008671200721614,-14.549011527555495,3.0767366771164895
13.4,4.516583155194406,-14.74208507130916,2.973378413726992
13.425,4.937020379386456,-14.783086362191552,3.1825319828654175
13.45,5.322905001083013,-14.609510196893783,3.483713168362034
13.475,5.814534968077586,-14.473906539410061,3.639877823818633
13.5,6.408587807594947,-14.465028589138166,3.5447451683148916
13.525,7.017103593353581,-14.452300953343428,3.2436001283985036
13.55,7.603949964752535,-14.326626539524037,2.7841773928884233
13.575,8.000169904258827,-13.992448572364527,2.2220591701711805
13.6,7.978374375943147,-13.333816462746348,1.6901441727217863
13.625,7.683260597178306,-12.326200886652842,1.3246657180817494
13.65,7.557395842363404,-11.264914390001946,1.1688641785955634
13.675,7.538385099892086,-10.589039718735673,1.1714186511040692
13.7,7.21554275722998,-10.430562951138311,1.2170516469242652
13.725,6.233994593323613,-10.680477298971525,1.2301481868629276
13.75,4.36588572484253,-11.086382118867975,1.2108642893399186
13.775,1.7091388958782034,-11.346328671774842,1.0574502764296914
13.8,-1.5406697013907122,-11.187776225422324,0.6837002134969153
13.825,-5.1896448466534,-10.35985409954994,0.18066235262624417
13.85,-8.978254407840033,-9.050521251135272,-0.3688233641826055
13.875,-12.375752427047281,-8.027013140839628,-0.8614742535204437
13.9,-14.80993860695033,-7.842108115465224,-0.9442400460098905
13.925,-16.446611734797283,-8.438362319664698,-0.16529549466756296
13.95,-17.692595058927086,-9.453904414000787,1.1860451717704923
13.975,-18.56366699944983,-10.452153440164272,2.3061986964875607
14.0,-19.09607600298659,-11.178159991901433,2.6958083593560596
14.025,-19.547319526213087,-11.561304445409647,2.3751299565504933
14.05,-19.885728672942953,-11.633906852413856,1.7764944964861036
14.075,-19.638337662707062,-11.57246505794373,1.2538490482505904
14.1,-18.560948566811465,-11.657489563398045,0.7684400559172957
14.125,-17.03095321599231,-12.062748213423376,0.2712204002834209
14.15,-15.688314561248873,-12.666382078799444,-0.09907256347349808
14.175,-14.882551194084446,-13.315299807274183,-0.32951185630745616
14.2,-14.723432777154962,-14.052153990194766,-0.43357410862716506
14.225,-15.41430589777584,-14.634071974536747,-0.3568097108320029
14.25,-16.836200593070544,-14.545875746416366,-0.3124231844601512
14.275,-18.348589656860185,-13.572179964395755,-0.774773245601929
14.3,-19.48742290777831,-12.034291510986717,-1.7761028099432723
14.325,-20.124439125482702,-10.81006734833665,-2.456267445489057
14.35,-20.285412888307597,-10.660066269150038,-2.1130477227449638
14.375,-20.19525590270211,-11.08475120191706,-1.1567642066287978
14.4,-19.79036089768973,-11.219437408403541,-0.40832762250789095
14.425,-18.943905173673524,-10.934343022124171,-0.2676194880209102
14.45,-17.958442206800484,-10.737712482366259,-0.5079880663374654
14.475,-17.075674648564178,-10.854394425645195,-0.6277241189575016
14.5,-16.27922568815101,-10.870474532921207,-0.6921235150122445
14.525,-15.397682320829736,-10.759653689951179,-1.0580331303609807
14.55,-14.47358191270022,-10.74074289456771,-1.6132889367961794
14.575,-14.044642972114028,-10.739477380903281,-2.0422563277431274
14.6,-14.508867188523002,-10.646337250413744,-2.2986877599692788
14.625,-15.516976333571913,-10.481458306901992,-2.441927190452776
14.65,-16.552897007777375,-10.342730578131574,-2.448090209674045
14.675,-17.38002493457417,-10.384133575114387,-2.390664274144548
14.7,-17.992835350551715,-10.538205812716443,-2.4909412515949465
14.725,-18.508109103061642,-10.621045699319543,-2.9045238190738885
14.75,-19.206500412416656,-10.492171009840945,-3.740394742032472
14.775,-20.322289211089952,-9.87896256022814,-4.983519662174226
14.8,-21.45705193350333,-8.528199299472796,-6.378685902746877
14.825,-21.59773348019708,-6.853425811780151,-7.608001302961833
14.85,-20.63893351194499,-5.403446680725206,-8.12796343640385
14.875,-19.46129926150358,-4.6492777160510625,-7.91693516014574
14.9,-18.50499604975252,-4.917060970275255,-7.543615520102436
14.925,-18.416096073106328,-5.820631165704729,-7.04780031350347
14.95,-19.876271240129153,-6.543328345624796,-6.764371747020889
14.975,-22.25678406154388,-6.589986078124868,-7.000449547210275
15.0,-24.643327661542934,-5.889631456766591,-7.115317990045367
15.025,-26.893236029012783,-4.923929047895803,-6.622301297954427
15.05,-28.600367404368818,-4.600160127382555,-5.7266614845044534
15.075,-29.377699531235653,-5.105096461038574,-4.6526507142325215
15.1,-29.546566404766953,-5.7022401791233985,-3.575682815650821
15.125,-29.202896935969793,-5.832802549290991,-2.869813049397206
15.15,-28.129362025798947,-5.462203408716272,-2.672066348394015
15.175,-26.37355809226052,-5.288200655463992,-2.6314610943460703
15.2,-24.46545712908312,-5.903641421745072,-2.427818896746899
15.225,-23.035562010483986,-7.09183184656163,-2.303034364012405
15.25,-22.4522542402612,-8.267859518404693,-2.780312693250546
15.275,-22.692709531634282,-8.934797144398472,-4.1274204677723185
15.3,-23.399964983914327,-8.76449116002999,-6.197578905945143
15.325,-24.3796326587785,-7.782693340216184,-8.555825956302549
15.35,-25.557721277057272,-6.578048816213537,-10.46503372722575
15.375,-26.443963628215453,-5.914631105167077,-11.158811825009378
15.4,-26.638735984581523,-6.139318266739291,-10.301985453891731
15.425,-26.192192339928287,-6.898589846003744,-7.9603681857308946
15.45,-25.327398083131865,-7.446413372410186,-4.687693788204221
15.475,-24.106020205474245,-7.399557756973142,-1.476962629960872
15.5,-22.514077093618877,-6.8835295589804675,1.039776428671754
15.525,-20.685095154636063,-6.1220061056719395,2.7657812213767983
15.55,-19.078394767508488,-5.2917695125868995,3.2783832589676334
15.575,-18.25396359185297,-4.53661623964235,1.977599276993797
15.6,-18.263382322819112,-4.019462992056276,-0.7041268037508591
15.625,-18.288911247899563,-3.8262779130063724,-3.3585914585382266
15.65,-17.712739610576243,-3.734480245227733,-4.8120439340696946
15.675,-17.074359772248087,-3.4508517784150587,-4.915253952903343
15.7,-16.960355320724215,-3.0246196716805525,-4.1991420300766045
15.725,-17.08433422718434,-2.6832088865440276,-3.1095022102629595
15.75,-16.75226878960405,-2.5723304560023723,-1.8309515342138833
15.775,-15.615002768398236,-2.7541119137058194,-0.4190597834896313
15.8,-13.903817431656002,-3.1820477600970363,1.3212637455869247
15.825,-12.11682369139586,-3.720088787250567,3.502417584531457
15.85,-10.643843955237706,-4.190399050198402,5.678218847812652
15.875,-9.493609301801964,-4.3640528505361065,7.204981085519277
15.9,-8.508690678446515,-4.176463042674489,7.856592396002868
15.925,-7.685656192653065,-3.8863418480111926,7.8564714519960095
15.95,-7.127115032388049,-3.836994882396616,7.608224558516972
15.975,-6.956261241792936,-4.228573475039218,7.666109036688114
16.0,-7.229257384343164,-5.086239969119855,8.296574277613527
16.025,-7.945030181066777,-6.022922906447965,8.942355491441045
16.05,-9.111106152217848,-6.281097450470421,8.892135725589307
16.075,-10.546948363527383,-5.445830287671471,8.07756932111343
16.1,-11.93596041789815,-3.860707669140343,7.141391197781622
16.125,-13.131658490046682,-2.134110192932466,7.011682643756968
16.15,-14.18080379031559,-0.5011756863281018,8.063097919230191
16.175,-15.223828373054152,0.8837790783470643,9.614497771254236
16.2,-16.247355336498472,1.5856898981747047,10.614663395457951
16.225,-17.225554111875503,1.3654063890556607,10.791989384104346
16.25,-18.34680018118091,0.7652547428541676,10.580335105151256
16.275,-19.505404490062908,0.5931575264397352,10.151890933436988
16.3,-20.26945404667081,1.075172847092442,9.366044964472756
16.325,-20.52399417786256,1.7862429684295569,8.357908174631543
16.35,-20.53177153778098,2.2325836011426636,7.582114770273294
16.375,-20.56982936599779,2.35645869136901,7.465971562184358
16.4,-20.863427290029282,2.3854888765272695,7.99844605490004
16.425,-21.409283296354374,2.3884541939225614,8.833595739593424
16.45,-22.135518497139486,2.296705835470764,9.79891312248734
16.475,-23.084583964402157,2.118460497887244,10.942815272905031
16.5,-24.27129536469055,1.9879405121567233,12.213368410620063
16.525,-25.39255532412404,2.0632125318885985,13.367165229781117
16.55,-25.99756581125009,2.416403843608548,14.096719305630815
16.575,-25.945257289529877,2.9814800678727655,14.163665997189891
16.6,-25.427946602975172,3.46681343836044,13.489178663507337
16.625,-24.72439467659546,3.4830030592658416,12.230364755603562
16.65,-23.98650953764717,2.9264017932268995,10.545136615402052
16.675,-23.194969813755534,2.0336580717300645,8.550276959866768
16.7,-22.435579982063306,1.2420852884323919,6.671424705590853
16.725,-22.11465407640847,0.9061788207807736,5.222558646642347
16.75,-22.499449861706704,1.0353511980000367,4.188133015277302
16.775,-23.250667168177827,1.3598248332901959,3.9689553288094817
16.8,-24.03203953545326,1.4904318141265243,4.966838262395839
16.825,-25.30438045479225,1.3124092549476474,6.445610819886437
16.85,-27.019710883234268,1.2177583728167687,7.463241754423045
16.875,-28.017433321082788,1.7641619744152142,8.160040136257944
16.9,-26.919277559981673,2.6859065493984295,9.075454688306053
16.925,-23.706873315971464,3.190624840520608,10.497254550664005
16.95,-20.064476908540676,2.9579835440983806,12.415402341413351
16.975,-17.883118219186937,2.19290939963136,14.342413831639446
17.0,-17.80281036524275,1.1298750741927164,15.475185191011835
17.025,-18.653030228618906,0.17758110346000114,15.41872560154711
17.05,-19.031848681005673,-0.05224688724947552,14.487114877555344
17.075,-18.852482087395774,0.21715602955427193,12.8052837277742
17.1,-19.058005677658624,-0.060927721942612874,10.13983646529683
17.125,-20.451160972715684,-0.18561858024402766,7.857783105309971
17.15,-22.429917520067544,1.179720709734557,8.127629194583363
17.175,-24.030266251689383,3.186534058076402,10.644460694552134
17.2,-25.00584878411818,4.356566002054453,14.447329051650804
17.225,-25.554492217579174,4.4955128091817596,18.969282715144285
17.25,-25.695554087987357,3.9452628285075946,22.912702267885482
17.275,-25.490022200845573,3.3464934278873737,25.138807558976854
17.3,-25.361850680915133,3.3909204665419943,24.912324420083706
17.325,-25.193897473439975,4.5304426259139765,21.97468988720368
17.35,-24.56222919280594,6.812770333368507,17.244543926595213
17.375,-23.623851168298607,9.671159311017657,12.177525007943641
17.4,-21.802439610284107,11.588428554143956,7.677367976393065
17.425,-18.240609427540303,10.696865601475087,4.881701289788885
17.45,-15.433008068912633,7.200059116439256,5.3015482378751155
17.475,-15.94752604104485,3.0375432082471834,7.8410542518686945
17.5,-18.618048267345586,-0.253901332063679,10.168920941724869
17.525,-20.861279018191873,-2.264306808732198,11.246376191101632
17.55,-21.665719963272025,-3.3289309207647846,10.9229000289881
17.575,-21.41107811784164,-4.26465297530749,9.655797367982322
17.6,-20.33844785727574,-5.655251674282037,8.618511180333737
17.625,-18.716243995840028,-7.1751151077349835,8.773165378195525
17.65,-17.065990343771656,-8.338953847667188,9.818105877438025
17.675,-15.973640013777072,-8.9754912038718,10.42693219174199
17.7,-15.622251646638155,-8.673650976379708,9.732734858044141
17.725,-15.810796938015674,-7.219205885473002,8.299616898384137
17.75,-16.434718058797955,-5.658821581126884,7.289654611397825
17.775,-16.959230897095868,-5.167558970596096,8.35945268767503
17.8,-17.42946027299468,-5.7145256222517515,11.81171838888098
17.825,-18.570433906441487,-6.173995525335742,15.330452125412595
17.85,-19.926154918923498,-5.334971627788473,17.434352490382626
17.875,-20.378922480946365,-3.2709943645026685,18.936981510931933
17.9,-19.48562416860139,-1.355547264974141,20.660591745233877
17.925,-17.311948774675766,-0.77470203093695,22.035671745907326
17.95,-14.701816970765808,-1.440916634265249,22.046695399396977
17.975,-12.924385475402858,-1.9698561275617081,20.90037789561979
18.0,-12.419411568173068,-1.5025587483841867,19.28062955451192
18.025,-12.410486258357533,-0.4930432867561445,17.38665744050689
18.05,-12.370607083627627,0.332524810098339,15.464298419513533
18.075,-12.897360046176045,1.0206915856330288,13.524372688949464
18.1,-14.27958698702354,1.878625290583587,11.178226512091637
18.125,-15.934167438539484,2.7541443960251097,8.673110285033012
18.15,-17.204975981234487,3.2679885126482335,7.119199870288682
18.175,-18.074137604349342,3.2477790867223852,7.249666412555395
18.2,-18.95249843667159,2.8707099110656555,8.843338368777781
18.225,-19.75549301170939,2.2242079379802924,11.346554003388205
18.25,-20.113605161401015,1.2215449981978113,14.102982498453274
18.275,-19.675519296910622,0.1501925716828218,16.04713380698394
18.3,-18.08851364552854,-0.48308829553569876,16.2629816834437
18.325,-15.261600818587837,-0.43953808151402896,14.781411680534376
18.35,-11.577090227389155,-0.10776489211695439,12.335026449953597
18.375,-7.90043920429236,-0.06906276650215502,9.81737268691329
18.4,-5.34498394191527,-0.3085775654641763,7.962167102323766
18.425,-4.399424847205822,-0.5473825666604528,6.835142050829018
18.45,-4.127979536366053,-0.7899955289242696,6.23458837853974
18.475,-3.2471185811302004,-1.1038092528527188,6.0583678755519825
18.5,-1.6160481921771865,-1.317414830524905,6.328500359815213
18.525,-0.17442248633536023,-1.236137038581628,7.196930855178385
18.55,0.3816057119001952,-1.1397886423953925,8.577853539808565
18.575,0.658926453435408,-1.5162839055120236,9.80387394204334
18.6,1.412982444892761,-2.4181442475216,9.969745278451375
18.625,2.4215386197305917,-3.3349835750478634,8.886750337177533
18.65,3.1773027161707645,-3.874502645380777,7.172358730298146
18.675,3.8317831414900327,-4.251412457886428,5.508100228692523
18.7,4.533482496589415,-4.615717879288144,4.350280379205761
18.725,5.02573439946396,-4.892009037460117,3.9881770921687756
18.75,5.209090966821261,-5.092131253919888,4.273791175885275
18.775,5.238195198749357,-5.258758822182636,4.796636033959042
18.8,5.142258991812642,-5.379881228683112,5.237781334964376
18.825,4.881629866400645,-5.492610172038453,5.480905206013291
18.85,4.539685231591496,-5.681344034388941,5.567897224183472
18.875,4.203366586920881,-5.944275427525033,5.541233288713875
18.9,3.8431317023895373,-6.157731309040921,5.3903366140227496
18.925,3.489243613645785,-6.218199565934938,5.159309056136978
18.95,3.249931479459142,-6.135379584303741,4.959707293752762
18.975,3.130107696631965,-6.009283908229337,4.9254405870408755
19.0,3.0106165773047744,-5.912627984582355,5.221924286453735
19.025,2.771659424546351,-5.859828084098683,5.86978413191984
19.05,2.4157162431986583,-5.8308909768986315,6.585341020629617
19.075,2.0062786189404296,-5.795509105358938,7.069965097059137
19.1,1.5817729193245105,-5.766914009898678,7.280104939405432
19.125,1.1834986230682467,-5.78313336181454,7.289402799228012
19.15,0.847212017982064,-5.827106749107266,7.0963183047403975
19.175,0.5316462327766622,-5.836918844111944,6.6404672450268265
19.2,0.16506278666428487,-5.784919669573873,5.965053169050138
19.225,-0.27566064974199295,-5.703679987270053,5.221110074307397
19.25,-0.7948709572374002,-5.660050089476638,4.499207758423156
19.275,-1.451249084298169,-5.65335500104238,3.780412545200902
19.3,-2.340096939048935,-5.6631598822070135,3.1081759421583315
19.325,-3.511237877149738,-5.694142947895319,2.539974672229459
19.35,-4.898947168874906,-5.730603341520544,1.9442757845389356
19.375,-6.4514514584238905,-5.695404248170249,1.1510384375849387
19.4,-8.24100275299102,-5.485932079529058,0.2224981906029299
19.425,-10.286296245737445,-5.03739436660198,-0.5841733106935557
19.45,-12.431564293528464,-4.352690083245484,-1.1105766973556808
19.475,-14.424466490331739,-3.6565785538391546,-1.2720856253958317
19.5,-16.11607506991623,-3.5228260358720203,-0.7836074479311361
19.525,-17.57096857349694,-4.535169199971912,0.5492901210923787
19.55,-18.717534652513184,-6.566936813938712,2.207240202766559
19.575,-19.126996952408366,-8.620862723195199,3.2825443516767567
19.6,-18.991655898724566,-9.911425549005752,3.271606622394281
19.625,-19.026009190841677,-10.545511254006515,1.8459255286129537
19.65,-19.43321964244885,-10.38260558819495,-0.858399790066128
19.675,-19.936121708101396,-9.217557812993732,-4.12603542603248
19.7,-19.96288383907415,-8.068479002438544,-7.225131708304975
19.725,-19.04795322275664,-8.163498690393197,-9.625814161518282
19.75,-17.456360518449824,-9.381506007603505,-11.330547262377545
19.775,-15.822337813035105,-11.017827377870843,-12.422319469006561
19.8,-14.584945915290772,-12.739718913063497,-12.796102229937294
19.825,-14.094659590848428,-14.202342440712144,-12.458146178119051
19.85,-14.90607767423291,-14.64762704378965,-11.78698204418767
19.875,-17.409335103078853,-13.18510929967262,-11.2985699171488
19.9,-21.287921678231434,-9.709833896089274,-10.76994448124588
19.925,-25.424842862634033,-5.862357896648912,-9.48982168373035
19.95,-28.62176923980291,-3.8006431158024805,-7.508714078919459
19.975,-31.459193522633814,-3.4252319418428057,-5.230167668234219
20.0,-35.008655164324175,-3.0031793241785225,-3.129017281392127
20.025,-37.86493597557971,-2.1249401335103077,-1.8649095963773017
20.05,-38.7368671813618,-1.0465469520905524,-1.628102863686676
20.075,-38.84742777633473,0.25214518346270887,-2.098692659653938
20.1,-38.8398491421498,1.2388911456044465,-2.1661760050949037
20.125,-38.08168505096692,1.3144112881701784,-0.9257741846087915
20.15,-37.19471199128619,0.4618400635200162,1.2406652754907732
20.175,-37.0524381025266,-0.8476455677838438,3.8471649094230473
20.2,-37.88254467683943,-2.017597647051902,6.14959696943826
20.225,-39.59010174894698,-2.5395860329145883,6.748779799568666
20.25,-41.392040591131384,-2.2586306036354107,5.277151943542856
20.275,-42.85402536307994,-1.3195612012221685,3.054201944641323
20.3,-44.01829999547119,-0.09744734277184472,1.6474181494438684
20.325,-44.52809908139961,1.1380394393324262,1.5020384797321227
20.35,-44.60311392930658,2.0808293080914297,1.8142262357520758
20.375,-45.033748007346844,2.42532952239363,1.7052249717405514
20.4,-45.385909597047025,2.554369671150533,1.2590700084255515
20.425,-44.81490252438695,2.7832388028844686,1.0481990319681336
20.45,-43.81300399276177,2.843065838487885,1.135007532848813
20.475,-43.40366216807489,2.595868300210567,1.1922888691333156
20.5,-43.75916879789358,2.244998817008967,1.1698986552538748
20.525,-44.23352780367085,1.7753689007133495,1.4408255349713759
20.55,-44.36532586119904,1.034727457908855,2.204986411810203
20.575,-44.11679071124911,0.05373269239719546,3.2802226836743484
20.6,-43.40602999839518,-1.054318598132161,4.552141730389898
20.625,-41.97131550331102,-2.2712232343964995,5.832815106307685
20.65,-39.71758699549777,-3.5280530509216423,6.668548692928637
20.675,-36.966282366321686,-4.7532443136770315,7.003234273927108
20.7,-34.125993240159474,-6.158453948175582,7.1845458336895325
20.725,-31.603784280309352,-8.0637163707544,7.227365574566387
20.75,-29.70661500952947,-10.192881110439854,6.953091156149265
20.775,-28.463881318130884,-11.83852245647936,6.505059951971468
20.8,-27.923907449530528,-12.463407521759335,5.887489240254638
20.825,-28.002530495196638,-12.165371420390235,4.961486174029047
20.85,-28.427287337869636,-11.759655393859218,3.8220410537110436
20.875,-29.352176277236158,-11.75153928499445,2.8923264178482655
20.9,-31.07238776052173,-11.620049921954088,2.640789317127381
20.925,-33.239356911569544,-10.90191555609868,2.9443988032520365
20.95,-35.05713385627187,-9.955198906559025,3.420936826743143
20.975,-36.15128093341595,-9.305990626375362,3.8453678092334185
21.0,-36.74498808811924,-8.952459106017178,4.113330295285898
21.025,-37.12487062949845,-8.612914108753918,4.1981743182701265
21.05,-37.386841572324556,-8.066798507986285,4.023693256783052
21.075,-37.580097397548286,-7.235992366630023,3.628808140059253
21.1,-37.837105057906214,-6.215301241764535,3.2962452275603273
21.125,-38.2257306025543,-5.126379952765872,3.2926760981111087
21.15,-38.671613363583816,-3.951740415765545,3.669196429500778
21.175,-39.05297421771202,-2.792091943171575,4.254896851056537
21.2,-39.20266117866813,-1.9554786201128007,4.739931980564422
21.225,-38.90984951779992,-1.5811852137542708,4.840213011381481
21.25,-38.02411542442668,-1.6076118677343616,4.598052278121368
21.275,-36.61616750769028,-1.9800428402596988,4.263283081332892
21.3,-35.03975441526645,-2.7378888565408754,3.8141496959701837
21.325,-33.61107351463356,-4.02519969653808,3.2804643474682433
21.35,-32.744757226824575,-5.756152276673206,3.1744821708575377
21.375,-32.59883671462384,-7.492849371295627,3.7916514409181006
21.4,-32.870694406758474,-8.852723571834868,4.719515977105872
21.425,-33.26014296851443,-9.620332218128706,5.333277655159816
21.45,-33.614574179101936,-9.750363788230192,5.173615289090455
21.475,-33.70170837301066,-9.646997443704857,4.318498909619605
21.5,-33.46933709056729,-9.769461818960055,3.3543245700751454
21.525,-33.127933256790534,-10.142449964413098,2.7695607575459387
21.55,-32.93233504061531,-10.524897253052753,2.558281182622411
21.575,-32.97527945050332,-10.80879748603534,2.50643934613266
21.6,-33.07655586679808,-11.071436688768614,2.49494060849773
21.625,-33.05510196897264,-11.317456102494043,2.4339165510135654
21.65,-32.936009201871734,-11.511498822444242,2.2658477658746246
21.675,-32.84105089018025,-11.748064519887823,2.097220255196104
21.7,-32.86191520145891,-12.070988821743567,2.065888611449366
21.725,-32.96741698303122,-12.30424475398806,2.0781817293095237
21.75,-33.04943342612483,-12.415746980408201,1.9996407387753432
21.775,-33.029821414776016,-12.582071040787739,1.8479127538764362
21.8,-32.89005920469396,-12.944711495552948,1.72816398156618
21.825,-32.678528330043065,-13.486790919067085,1.678124402193429
21.85,-32.53068436803614,-14.070650545209649,1.5199938741444075
21.875,-32.67080907622188,-14.596310830554595,1.0002229416837476
21.9,-33.182339365171956,-15.055560432480496,0.06577884087536096
21.925,-33.798631698048695,-15.409882061234729,-1.018541694393403
21.95,-34.11665710273564,-15.452744330874218,-1.8648549813812425
21.975,-33.907887019554636,-15.02679506758967,-2.284691750582598
22.0,-33.35863744689531,-14.267828202738425,-2.3345882023318953
22.025,-32.97227181960789,-13.413340994335098,-2.1110235646691766
22.05,-33.163152451611815,-12.520060699984244,-1.5990886015359227
22.075,-34.02714991493465,-11.456527072923985,-0.8831236252925779
22.1,-35.31995891200237,-10.020134567366147,-0.2604474933379599
22.125,-36.7538581647723,-7.982177234373346,0.08722030981202622
22.15,-38.16464849843697,-5.170958843147156,0.2008217843107163
22.175,-39.39033820735236,-1.6447907207092756,0.33028086390173494
22.2,-40.30591860073557,2.3041271056199544,0.8454244308899747
22.225,-40.83822277099211,6.246520804819818,2.0680473831295525
22.25,-41.021286559530544,9.709986066970679,4.172576045451885
22.275,-40.92426147131202,12.403846912037421,6.902741651115266
22.3,-40.65461042625496,14.300774099181801,9.560621420893293
22.325,-40.37142268999806,15.520759606046546,11.36005029111818
22.35,-40.1249937162046,16.213141280502807,11.91703048250774
22.375,-39.85313760247596,16.505139052886964,11.392490658655841
22.4,-39.62416516776018,16.327792728683278,10.260103730354098
22.425,-39.590642712139385,15.384592231849364,9.01561515166555
22.45,-39.66455226613783,13.492067053121742,7.898374857511961
22.475,-39.55647494791575,10.679892101393632,7.035203692644871
22.5,-39.0136309659408,6.985369115587576,6.69554610934789
22.525,-37.78858507132838,2.6585813134266583,6.935992035835401
22.55,-35.560522237214634,-1.6975007233088788,7.28177863345177
22.575,-32.43045374702487,-5.554064758257371,7.003237461607639
22.6,-28.829355686392276,-8.571824611499165,5.586467415554217
22.625,-24.759112462178845,-10.548034351144507,3.225759544327233
22.65,-20.49061836218117,-11.443687732338697,1.2288418643570365
22.675,-16.873929379820442,-11.411331482133308,0.612288296435631
22.7,-14.131769569036223,-10.983803128783737,0.7327167835826991
22.725,-11.986319835376236,-10.828373761767873,0.6798585387690227
22.75,-10.520098346076042,-11.245849108786798,0.6717793451540514
22.775,-9.752142756094837,-11.780772772995304,1.247098400512939
22.8,-9.39596492284057,-11.88375752101996,2.0533936633398358
22.825,-9.201545081728344,-11.522874088554072,2.4022240348132433
22.85,-9.042071896943456,-10.946606620433116,2.6044831219607745
22.875,-9.049681749170285,-10.01705975062611,3.244793880794762
22.9,-9.270020489389562,-8.599582773597938,3.623481400054479
22.925,-9.673194200842307,-6.893218781942744,2.861961501892379
22.95,-10.220063314377038,-5.02285944996084,1.4163799612782169
22.975,-10.550146937415388,-2.8432764529829875,0.40592632388233046
23.0,-10.675723220394167,-0.1999541792533675,0.5897906269493008
23.025,-11.233474062916311,2.6382622315079076,2.1865224643468273
23.05,-12.881454994135824,5.0289260971735334,4.832283073985554
23.075,-15.61153437515585,6.410658058033636,7.56291697427298
23.1,-18.888200669755808,6.808888564519752,9.47515512897098
23.125,-22.282735812687587,6.939198134536007,10.265998868488916
23.15,-25.299461807108255,7.340529683714602,10.200163771387732
23.175,-27.421443204088362,7.692628094054675,9.708655563532224
23.2,-28.752410852882925,7.570036833535954,9.445477342272545
23.225,-29.546741099020014,6.956712145526529,10.178376120458653
23.25,-29.915201147388867,6.078492792769096,11.860258256181456
23.275,-29.88043552300995,5.092784449678071,13.518498594689774
23.3,-29.585921782922497,4.020292450230689,14.482381254647725
23.325,-29.38976548545288,2.8858048032399233,14.884748424770427
23.35,-29.390281195749388,1.6859493425083873,14.888700268559516
23.375,-29.044028840332277,0.1660603792172305,14.489819367566843
23.4,-28.10047598739695,-1.8412838320375686,13.810170944260422
23.425,-27.00796751045577,-3.995121493722318,12.913623547982148
23.45,-25.931543381935207,-5.922431904805663,11.742371500562765
23.475,-24.58741136712541,-7.519994260851586,10.101509560337268
23.5,-23.002814726850936,-8.837448216586253,8.210406804653255
23.525,-21.518742221075716,-9.973792762869625,6.785574036652619
23.55,-20.34348271595891,-11.192445826578094,6.162301287003324
23.575,-19.353089415686043,-12.763315728941295,6.0142149455823155
23.6,-18.392053903681393,-14.410010635385378,5.821859445129168
23.625,-17.663670592911846,-15.570508346091628,5.210659085247647
23.65,-17.315661857000435,-16.10881487110571,4.341806623162539
23.675,-17.19235616358441,-16.279128035756663,3.489129168419527
23.7,-17.178840422282146,-16.217676563477134,2.353028311157368
23.725,-17.324224112365172,-15.831083873828767,0.7551075448683877
23.75,-17.591921102341598,-15.12608487330958,-0.8460672552062611
23.775,-17.85541126644345,-14.31986019413562,-1.985611253346339
23.8,-18.132748133657003,-13.556258077843701,-2.653726085436436
23.825,-18.476827073014704,-12.731490540874645,-3.066373548760686
23.85,-18.727751444525396,-11.690190407501994,-3.3844616249697497
23.875,-18.622241290154193,-10.422036502339399,-3.651700762447513
23.9,-18.10853855094428,-9.19999097913105,-3.8590770172022766
23.925,-17.372475048433643,-8.270623897255916,-3.9918372924723418
23.95,-16.6999480628821,-7.548600149801701,-4.09861410170561
23.975,-16.24443903295046,-6.936920015548597,-4.324074467783565
24.0,-15.915005282713752,-6.447572640357284,-4.6337837661558625
24.025,-15.651177953838035,-6.0403525577583945,-4.765817417519428
24.05,-15.630806246506898,-5.652558402174294,-4.748534020219405
24.075,-16.04727007010123,-5.305896259454615,-4.556776299209178
24.1,-16.82910460849662,-5.095727751244661,-4.158711796967642
24.125,-17.632055286176644,-5.384605312613364,-3.8103105152387746
24.15,-18.33431330351627,-6.406663662756253,-3.2220845817280725
24.175,-19.0494222760099,-7.984553259728405,-1.824205227151131
24.2,-19.894287788667683,-9.74213410704218,0.2467805657461695
24.225,-20.616432500401924,-11.193835030651417,2.7272833205650953
24.25,-20.678055583949046,-11.952375428670798,4.950506333389088
24.275,-20.29741290740771,-12.111935501442384,5.8340640709324125
24.3,-20.299050066058868,-11.781730164568362,5.71659309755307
24.325,-20.371292547908354,-10.973837156503382,5.651826613385404
24.35,-19.73785947174539,-9.990810990676838,6.337158749399326
24.375,-18.550913468898305,-8.970019596535161,7.710390703353808
24.4,-17.41707895488137,-8.05714581462141,8.941540665469756
24.425,-16.487726297375687,-6.818269779499647,8.823170486984809
24.45,-16.00134218765011,-4.88318629849491,6.8525082745877395
24.475,-15.873465030323208,-2.3261509715482176,3.956893727864247
24.5,-15.923414366802518,0.9211737795798077,1.781077270134632
24.525,-16.51873745147739,4.698972332413335,1.0810491351940434
24.55,-18.0735541739187,8.190335916262159,2.112677660556084
24.575,-20.55356274901804,10.63796909873331,5.571946856314293
24.6,-23.272151709526046,11.739016353735067,11.678155306511558
24.625,-25.899616327301583,11.42517739649351,18.851761961521227
24.65,-28.65731837227806,10.084824555179296,24.475501881167993
24.675,-30.79053207754186,8.894951536977908,27.298766291250264
24.7,-31.36800312445227,9.111941197924596,27.51871098642239
24.725,-30.502859437387194,11.252171817990599,25.599509024297973
24.75,-28.36416446936815,14.201788560198791,22.273443254578158
24.775,-25.700568682195104,15.993662801883891,18.84465526510787
24.8,-23.70976558530575,15.690090264862171,16.655495784677424
24.825,-22.808389723523497,14.44552097436798,16.037268670566824
24.85,-22.514622459485693,13.617295969325749,16.64503136138967
24.875,-22.43823416688753,13.485946724379945,18.198550865362602
24.9,-22.76439653967721,13.779833330685868,20.13486075019944
24.925,-23.553242194580655,14.038897934672114,21.654037540364353
24.95,-24.524525223034736,13.974338951389699,22.316863494607485
24.975,-25.33573691054716,13.742601712364449,22.137541255170508
25.0,-25.885053797221424,13.677926322526456,21.490522731501635
25.025,-26.246506626664466,13.956170282414236,20.788018323655617
25.05,-26.522293810538663,14.456500375555645,20.23644994350886
25.075,-26.96930309709631,14.75683509240236,19.99403775445411
25.1,-27.91966856894118,14.381748981238252,20.219179913532628
25.125,-29.394303968448362,13.195806476877022,20.906333232727416
25.15,-31.028523042076134,11.524636974731193,21.746804268819336
25.175,-32.286675432762934,9.852642927124403,22.210675361516852
25.2,-32.64611604079225,8.464910989696449,21.85827261639452
25.225,-31.899308989212706,7.336459668939735,20.654960871334385
25.25,-30.489071876811003,6.310062427502555,18.9571418659208
25.275,-29.115302961502493,5.116946666669501,17.11933394544121
25.3,-28.077520267532364,3.434453390576679,15.275542785665108
25.325,-27.299363813535685,1.2112206613736303,13.52819559600941
25.35,-26.5527034860557,-1.358891660528585,12.083968592147105
25.375,-25.63476195260958,-4.065301523160841,11.1742959350675
25.4,-24.513828261271286,-6.7142757286252115,10.73049304819175
25.425,-23.21656876879466,-9.048712561890818,10.336021855816792
25.45,-21.803484481251044,-10.793310533326826,9.686123214074168
25.475,-20.342484510255794,-11.896691590766583,8.847695022567024
25.5,-18.89655989347587,-12.519253073366924,8.000397657860077
25.525,-17.54822423463599,-12.630113883661785,7.333539387114376
25.55,-16.517391776738513,-11.899926299371621,7.078512430849039
25.575,-15.952503066729035,-10.420311360553239,7.022700919380319
25.6,-15.548605475539144,-8.747864914718232,6.38407146975479
25.625,-14.875462839966628,-6.934921132246282,5.112672646842872
25.65,-14.005115733210234,-4.750113181177884,4.122394691927298
25.675,-13.162356385667268,-2.345058011205632,4.375468547942546
25.7,-12.5137181827512,-0.03963503868826429,6.190458476324701
25.725,-12.201406093988682,1.9475835169713507,9.20167940429923
25.75,-12.330567039218803,3.435584823563266,12.786273132600417
25.775,-12.944575663379963,4.328171553821777,16.5220435718429
25.8,-14.001238324262967,4.726134025422998,20.090479763625773
25.825,-15.186631508320323,4.879604467448281,22.784324828577766
25.85,-16.004782846963565,4.883694579553186,23.916976753093902
25.875,-16.165144992866345,4.53022050695454,23.3287123696434
25.9,-15.499510178398173,3.572205929269612,21.491971591393572
25.925,-14.012685852002642,2.1032590389267942,19.204543650068224
25.95,-11.939775220967933,0.5898574421364792,16.875783163548604
25.975,-9.652095692002655,-0.4401759501373832,14.262937341056098
26.0,-7.679930544263971,-0.8422122517065092,11.041596473185042
26.025,-6.321888397787346,-0.9986234287771741,7.6194741339215675
26.05,-5.527172070579964,-1.2282699979768856,5.323921323302066
26.075,-5.19422078361629,-1.4120790804864392,5.257392348431485
26.1,-5.2970209806975594,-1.3549484080324663,7.338156312475066
26.125,-5.716828432172804,-1.1275537266342106,10.421929573055932
26.15,-6.419035540222178,-0.9426319438226775,13.561183023877616
26.175,-7.463348347570239,-0.9503233010816174,16.242203415639597
26.2,-8.650927127413262,-1.2900921304095112,17.975252627326775
26.225,-9.393884957546549,-1.7276132954879377,18.17203719144134
26.25,-9.14615283220049,-1.9109514450169638,16.684124259113197
26.275,-8.105391850946198,-1.8055944374571828,14.347493837952577
26.3,-6.92442601470371,-1.8167192152156588,12.207276654947199
26.325,-5.702423435028532,-2.383035453393774,10.916581080187703
26.35,-4.208578589526785,-3.5599158399472515,10.75916170388774
26.375,-2.4855709834240387,-5.060249898535225,11.544921508546283
26.4,-0.952168502283296,-6.681739768807988,12.905782837298052
26.425,-0.22642525483026965,-8.419515661384217,14.672755402678241
26.45,-0.4730985188760218,-10.199876718669511,16.62694151156316
26.475,-1.1370828734873422,-11.594257530200627,17.77771743429208
26.5,-1.5515798146912596,-11.969548321481847,17.348352847102806
26.525,-1.5205007247822129,-11.165964160240566,16.05413626505838
26.55,-1.0953695253826508,-9.983714637630996,14.600957339809035
26.575,-0.3596363552846738,-9.356346984363135,12.81637238552951
26.6,0.23023856444864613,-9.09505001302002,10.893194633756947
26.625,-0.21110129541478537,-8.265895679261252,9.095509422683495
26.65,-2.0173655811220983,-6.2221785138606185,6.904567220681704
26.675,-4.640150071908349,-3.3778415909309185,4.421298583613459
26.7,-7.553003792616113,-0.7642419205404563,2.732723183420058
26.725,-10.37127545679409,1.0877148158739924,2.0367172051075926
26.75,-12.898023553293088,2.2609998306481125,2.4280699200306435
26.775,-14.737251721315916,2.7902820612270878,3.7274354479347394
26.8,-15.754465849236992,2.945149343791626,4.983217832855509
26.825,-16.68658987350274,3.105122528021422,5.634907264059429
26.85,-17.87285181222709,3.050654670167368,6.225158415544596
26.875,-18.733397747420952,2.2193810840668764,7.310825265400672
26.9,-18.956434218582054,0.7055442243170343,8.539168753651081
26.925,-19.28544750976472,-0.676194292153335,9.37963394883792
26.95,-20.357059862483812,-1.2353985372360679,9.748448660472343
26.975,-21.603525060952297,-1.1534179785068868,9.717128408762441
27.0,-21.989970248361654,-1.1244300297162235,9.564914192056813
27.025,-21.0621113757807,-1.763210911323602,9.686056269212848
27.05,-19.200519280095605,-3.2511284562847518,10.154377449839142
27.075,-17.341037051592785,-5.024611925835841,10.589030735179087
27.1,-16.136064243982627,-6.307019555893464,9.969616788659055
27.125,-15.287543621815525,-7.309722708509196,7.834836589870125
27.15,-14.15451356384693,-8.451833993860202,5.012293892473807
27.175,-12.531017088188044,-9.268420869636923,2.7237339050956075
27.2,-10.703184504292182,-9.23233661305393,1.678468598428469
27.225,-9.147964739267376,-8.556300055346412,2.072906435287435
27.25,-8.096458389077144,-8.101267884033001,3.172042609096345
27.275,-7.56544647508617,-8.57952653027474,4.206910571094653
27.3,-7.623019404223226,-9.661288421924413,5.439644430752555
27.325,-8.06407640644269,-10.407213403072104,7.037546580462842
27.35,-8.419526580018148,-10.572739280390776,8.341920960407572
27.375,-8.743986606583695,-10.343307122885681,8.719879220136644
27.4,-9.137158475138609,-10.12039089995482,8.44847891555946
27.425,-9.564830475345216,-10.314502722558787,8.155170389939512
27.45,-9.946889483945982,-10.944017447422326,7.9533611655853695
27.475,-10.249486499648059,-11.48609689311153,7.650490515715549
27.5,-10.472997451007961,-11.481764863838519,7.0585800829752365
27.525,-10.612972655745716,-11.046716115723736,6.120093797325625
27.55,-10.72494058452088,-10.515847195980362,5.167330997724687
27.575,-10.958095714505237,-10.083325146108145,4.781304109442868
27.6,-11.266662641398254,-9.819196677901305,5.155474588822907
27.625,-11.478498626391753,-9.514098147860002,5.898630395537262
27.65,-11.609156531279487,-8.908035427642229,6.459916846929715
27.675,-11.787961346388766,-8.106925755139642,6.519120119258261
27.7,-11.892069847713927,-7.415736947350239,6.045416462805351
27.725,-11.698836239954128,-6.910405986490969,5.1899896425916765
27.75,-11.344778646839352,-6.135300090496242,3.951951959772034
27.775,-11.099634468051443,-4.672583333656862,2.5506706831782386
27.8,-10.844384384258635,-2.6881756588610415,1.6129823671542143
27.825,-10.561800082852203,-0.5588220429747189,1.4269788486266561
27.85,-10.666454845038716,1.3922235442983053,1.5743784281264692
27.875,-11.307847307548059,2.9673018588814997,1.5572013846256065
27.9,-12.159178484488969,4.058128635870733,1.5391099051251227
27.925,-13.125726167335758,4.646331826765868,1.8843022658996937
27.95,-14.36819578821423,4.7635332876638765,2.1997954930573274
27.975,-15.972035273049164,4.493262561652482,1.7226407495505658
28.0,-17.847412719507062,4.032903042137774,0.21793971928135358
28.025,-19.81641843599345,3.593328850932954,-1.8590415987916435
28.05,-21.57500371477645,3.2127843936026763,-4.119192780883197
28.075,-22.74154891063316,2.613341138931448,-6.594136528136625
28.1,-23.316182075908465,1.526592449626583,-8.931727611612207
28.125,-23.715344743156123,-0.022814347838521116,-10.991277686264405
28.15,-24.28086167153778,-1.5372834499291694,-13.219952632192067
28.175,-24.916408192260878,-2.534796239963412,-15.655196661780085
28.2,-25.34242069701233,-3.237864256859738,-17.76538921541733
28.225,-25.84010489912235,-3.724681309467822,-19.149849191487235
28.25,-26.548581296528,-3.7113670504101357,-19.59503361637651
28.275,-26.787320898645426,-3.1992892280560796,-19.12437663247711
28.3,-26.03149580548296,-2.5132083523932254,-17.890182201019712
28.325,-24.41741445697769,-1.9252808667331742,-15.970504721381216
28.35,-22.266746975915805,-1.3164603373788093,-13.709559763033926
28.375,-19.84990673863848,-0.6252586287093183,-11.271616352162303
28.4,-18.44167699821874,-0.46904793981249765,-9.104107269367026
28.425,-19.757305367152686,-1.0422341206508523,-8.270661602739418
28.45,-22.69131518979057,-0.6926012696164922,-7.763469176551769
28.475,-24.54775816297493,0.8240540829104627,-6.134037855876961
28.5,-25.475975938553045,2.82870405377659,-2.844829335776402
28.525,-26.038882673054392,4.295185246519366,2.2389742391659953
28.55,-26.368923375704586,4.759976023543617,8.038237980912362
28.575,-26.319455192433033,4.319970846958387,12.680290222322926
28.6,-25.29807652322928,3.107181746970671,14.73450500149789
28.625,-22.675675004953817,0.9162649108711205,14.608202053650297
28.65,-19.043415864733067,-1.8454928197272302,13.766406463040807
28.675,-15.545607035403695,-4.577518793486076,12.994254189596484
28.7,-13.077593446423778,-7.252095590792334,11.519624456953363
28.725,-11.745977666997891,-10.364504428263139,7.85139521799202
28.75,-11.074813371265037,-13.183551041435727,3.4766516651097965
28.775,-10.469819846472296,-14.872630353263409,1.58760730518508
28.8,-9.676067110797698,-15.767982356498097,2.779647226615095
28.825,-9.106068566796685,-16.493853124493373,4.037626390877608
28.85,-9.029827456334273,-17.2070539794619,3.239880864093014
28.875,-8.864516753992541,-17.756000817776254,2.0554582556834182
28.9,-8.584797499211305,-17.90939681320026,1.4995802450540172
28.925,-8.579873445301242,-17.83744503671802,0.8427189974285845
28.95,-8.55777385718138,-17.924636059477525,0.2628504378572506
28.975,-8.479461205356078,-18.106352313610227,0.11940776257036295
29.0,-8.657399042637035,-18.279030381553596,0.19789916287914136
29.025,-9.258362471196357,-18.459298110416274,-0.00712433996302284
29.05,-10.488779742702478,-18.54766934750021,-1.2212186873909956
29.075,-12.983061294341928,-17.76570290437651,-3.5892687940256884
29.1,-17.179610953202765,-15.141710448806423,-6.178068434331212
29.125,-22.2691974832947,-10.614528261619403,-8.08516208539929
29.15,-26.585607839413637,-5.596366343994013,-8.614170063203078
29.175,-29.101408700647468,-1.9404802064346496,-6.912499246887623
29.2,-30.28801967141714,-0.13589870205458654,-2.6572918099822362
29.225,-30.32017670484616,0.53875489159834,3.7755693110292605
29.25,-29.928085844744167,1.2554316579634952,11.167020188005557
29.275,-30.22233281446283,2.351649881423246,16.480247828195203
29.3,-31.617946746335278,3.3285535196267224,17.08996900004004
29.325,-33.42181305060189,4.99611045449436,14.288876403343917
29.35,-33.75993955483761,6.592796317098966,11.648265633883385
29.375,-33.29446284811398,7.394034846692833,10.849037741711257
29.4,-32.49349682370177,7.168224398782548,11.431299549617496
29.425,-30.467200869599747,5.546476126459683,12.09683827936783
29.45,-26.6109237958552,2.2941213807190546,11.97744435231241
29.475,-21.36998913616551,-2.197303907868124,11.724405860774112
29.5,-16.66287374725415,-6.519985129327167,12.24563976895065
29.525,-14.351412445773757,-9.261359311546446,12.785781825693451
29.55,-13.339737366393539,-10.569022608033698,12.913149065905282
29.575,-12.326945472572108,-11.181864480373829,12.86711871507411
29.6,-11.24195568724896,-11.760884970726448,12.689601069534744
29.625,-10.025591592795637,-12.962434650273371,13.041856489210124
29.65,-8.230924390749175,-15.508597990581153,13.582696864593883
29.675,-6.522388732868366,-18.717116876014575,12.108791964951045
29.7,-5.7066339393446075,-20.57746729782736,9.63957243312963
29.725,-5.333749510485549,-20.813148612935716,8.55982836939114
29.75,-5.3073250165786146,-20.601750736137348,8.663263045435322
29.775,-5.867520710332117,-20.5167860343245,8.689221697387483
29.8,-7.089632073735349,-20.3467899770298,8.1782740610598
29.825,-8.598362218505889,-20.01436750656937,7.10123679256307
29.85,-9.710292642469343,-19.629686508842536,5.2268501911046945
29.875,-10.40772786948266,-19.002093204128432,2.587912049408049
29.9,-11.081788785028792,-17.87519573305483,-0.29236029892823884
29.925,-11.87462840929811,-16.23344711598512,-2.5017948449458065
29.95,-12.774913050179,-14.251196190545796,-3.4743824660219196
29.975,-13.916668124911071,-12.114395836973262,-3.4484478955289175
30.0,-15.506400943937114,-10.02030532946751,-2.930551853053985
30.025,-17.44807183292547,-8.106118090356299,-2.26187841513309
30.05,-19.615056131857777,-6.410935410449636,-1.3544959247807826
30.075,-22.094752529097246,-4.845459987910701,-0.21257166311728531
30.1,-24.55097167176967,-3.3634590030584532,0.7869982075247578
30.125,-26.365471707849238,-2.2106312734220492,1.470425316530406
30.15,-27.328036807068177,-1.6431646250171705,1.8912731303398984
30.175,-27.56274788040436,-1.6748120456900233,2.091195002282322
30.2,-27.469420320466707,-2.1535817878293626,2.2613820588706353
30.225,-27.480936485924257,-3.147190890918987,2.7734268190204627
30.25,-27.46501646175956,-5.198782291204016,3.5383184026066608
30.275,-27.082383236711113,-8.735994467606261,4.069937066116634
30.3,-26.155812120342063,-13.042124971535928,4.111984454779456
30.325,-25.0624118449695,-16.524517689452797,3.1657489850039764
30.35,-24.11483264066962,-18.201593253430453,0.9882239243853683
30.375,-22.98622603450517,-17.34133966778543,-1.6529918091028084
30.4,-20.25724033077969,-15.126225335049261,-4.271303174419118
30.425,-15.740752345250185,-14.71376744778928,-6.510588917830585
30.45,-11.79138761081761,-17.122889495620434,-7.101772687227096
30.475,-9.697987114363748,-19.91386929990283,-6.5527603247628115
30.5,-8.070276305487486,-21.20970439447813,-7.262865995611858
30.525,-5.9616972772012,-21.444672443620277,-9.827522157976283
30.55,-4.382631829256408,-21.501238882485307,-12.325118135112168
30.575,-3.8378462468425987,-21.26426010971849,-15.425458983991668
30.6,-3.4607819252954592,-20.42245794006204,-19.81134904804387
30.625,-2.4348438381077617,-19.339567377285352,-23.771352874022366
30.65,-1.1519502250836116,-18.346020078819603,-26.26113281315045
30.675,-0.13145098942042424,-17.471849802459587,-27.335539752845893
30.7,0.5935761358598368,-16.80089422357694,-27.910168319356014
30.725,1.2575306524561847,-16.49968605460786,-28.071800758414874
30.75,1.6807020573324187,-16.439944074967066,-27.917240871542816
30.775,1.842632150025253,-16.416765547123358,-26.958765482762168
30.8,2.302175384137217,-16.560901909746104,-24.5147502909526
30.825,2.949912600391712,-16.89878860405791,-21.417884794379752
30.85,2.902514253097467,-17.181890100888772,-19.512445567568868
30.875,2.1280091862334807,-17.1626333354699,-19.79515373766166
30.9,1.0080920212345477,-16.860491605039687,-20.623998852573777
30.925,0.01107974913568803,-16.52597683952117,-20.75354696177714
30.95,-0.6534106093042894,-16.27508104578833,-19.866289441254768
30.975,-1.0968619089214864,-16.239203140912924,-17.663572792165603
31.0,-1.7099123791681559,-16.186485743928927,-15.16596104481206
31.025,-2.791036754591164,-15.57026599462051,-13.177509559882958
31.05,-4.46551949392161,-14.474400312146939,-11.549259700485127
31.075,-6.528300351671721,-13.133017742440892,-10.387731657449962
31.1,-8.751106803586623,-11.690923615993595,-10.096668290689312
31.125,-10.829405970978534,-10.551264267956293,-10.641278414564631
31.15,-12.28083829587745,-10.039750127758335,-10.8612544916884
31.175,-12.825728542420926,-9.882486973432936,-9.630875875599186
31.2,-12.913437716356993,-9.642932131142585,-7.146899767123928
31.225,-13.116057717422613,-9.455730701959116,-3.903359380088016
31.25,-13.727857206529078,-9.497296723259433,0.048612050874004685
31.275,-14.950527158520943,-9.983925024101435,4.03435030053851
31.3,-16.21494417156201,-11.461900366837442,6.634377043102836
31.325,-16.639341414634547,-13.308461746215697,6.707620458590819
31.35,-16.219913536491568,-14.532068137695225,4.53242871060206
31.375,-15.822789240933805,-15.210879488256454,1.8091304836759006
31.4,-15.846041720837325,-15.9933761638416,-0.3780800402758009
31.425,-16.069141137151334,-16.870574664832777,-1.3724561704629212
31.45,-15.849807949459212,-17.269211350347582,-0.5371231004831359
31.475,-15.08220148342319,-17.12596935546215,1.7624284471761034
31.5,-14.474575414638439,-16.32579082647531,4.607395866401039
31.525,-14.699312619744035,-14.987183802280008,7.430377892689839
31.55,-16.053316760335353,-13.336469094286938,10.688305592364127
31.575,-17.81012447318496,-11.580943180149815,14.654626667303516
31.6,-18.799424058388304,-10.042808044263271,18.640357358732903
31.625,-18.86033662306927,-9.4234772933427,21.47798250655702
31.65,-17.55479760689987,-10.44344487345068,21.971551224170955
31.675,-14.345958892113618,-12.4434883817875,19.714482478927884
31.7,-11.311046010752149,-13.483247165955527,15.587157659375555
31.725,-10.19649348037639,-12.903376808953126,10.91818552137563
31.75,-9.64867400850212,-11.811510812790099,7.880430625420928
31.775,-8.49867800247109,-11.511784030966425,8.277517557556587
31.8,-6.7137411088774295,-12.056438755881702,10.505490855846059
31.825,-4.8919049052651475,-12.401719621006752,12.56297972249653
31.85,-3.880773014751599,-12.22836600352433,13.425538480740935
31.875,-3.436001418388319,-12.31093885175979,13.20559159733178
31.9,-3.000835754481407,-12.449751797851723,13.030971714183927
31.925,-2.4779543281300063,-12.219776271795352,13.395764974076107
31.95,-2.1065687774252067,-11.680673683856204,13.828980754427322
31.975,-1.918424525615018,-11.139329491563918,13.87335799011407
32.0,-1.816463996295061,-10.793156079462564,13.597111693279192
32.025,-1.775444588020137,-10.614322002981758,13.356141186985157
32.05,-1.8394639824682106,-10.420338290566846,13.364021490315034
32.075,-2.1264241636676906,-10.103937887594983,13.62719896760804
32.1,-2.7339017681732414,-9.706564279697982,13.864100337478423
32.125,-3.5611277873397733,-9.29589620433574,13.784245182020886
32.15,-4.407024610776292,-8.889236329594977,13.51920205445872
32.175,-5.175344828639762,-8.506614971780621,13.280974669461534
32.2,-5.887709770054638,-8.168632093829773,13.059991266369911
32.225,-6.5834284594197365,-7.853290821507693,12.812110852537103
32.25,-7.26333877820435,-7.546339648985437,12.568684350848532
32.275,-7.907352575035444,-7.294964997659276,12.417895921284622
32.3,-8.500937841734897,-7.132386442531964,12.401794332112448
32.325,-9.104952869579515,-7.037999819220828,12.4860373879688
32.35,-9.768635478300126,-7.010782213160036,12.580191738805276
32.375,-10.388407290098677,-7.062150296479713,12.601799847202656
32.4,-10.787044180451167,-7.204370239022924,12.536455167770606
32.425,-10.94332965174588,-7.440585992388976,12.44312107138491
32.45,-10.982332351908477,-7.746712118413344,12.323804299671464
32.475,-10.995366080065663,-8.083719925073416,12.151426692561259
32.5,-10.975384962218232,-8.462313724232137,11.9538610627377
32.525,-10.878811080605278,-8.890993446430208,11.818991513991554
32.55,-10.731064302330388,-9.307464467086254,11.863683633316956
32.575,-10.550042355247603,-9.68837128453238,12.085504312398069
32.6,-10.26360687531604,-10.060632024383501,12.388786137566095
32.625,-9.820956220922435,-10.424790238039296,12.724030722199489
32.65,-9.261578964132884,-10.760573071952978,12.988832109243312
32.675,-8.670923439903609,-11.00822362891844,12.952256134712606
32.7,-8.147752626828925,-11.034951738583755,12.49763127990518
32.725,-7.741760605199393,-10.738924928275962,11.854403116538082
32.75,-7.391496094626959,-10.223867459444001,11.413589933541738
32.775,-6.981782525992282,-9.623547741241538,11.437593659190249
32.8,-6.399239676696112,-8.929386251191135,11.907035760091173
32.825,-5.655544486798354,-8.175653192154739,12.433569307834503
32.85,-4.851223952964195,-7.677219216488363,12.451823249337608
32.875,-3.937179032041972,-7.576033335864379,11.666230495727497
32.9,-2.970191626670124,-7.606484104330763,10.19875041363422
32.925,-2.1611212688699313,-7.481116639271468,8.778303076186718
32.95,-1.5246996163790438,-7.131593039426329,8.342252073929338
32.975,-0.9310644107728706,-6.552537890561635,9.292824546950369
33.0,-0.3196036852981399,-5.855312856553148,11.088795546513534
33.025,0.3362774933256886,-5.1918758539482175,12.801722651455544
33.05,1.1713002810944944,-4.791105665738238,14.103408583064384
33.075,2.1449567550903486,-4.798477669208123,14.949321107964659
33.1,3.092875169779767,-5.022609076380921,15.227278626250422
33.125,4.17272681124718,-5.04906023165785,15.09695760386903
33.15,5.426201326266116,-4.832861176126566,14.610932550303854
33.175,6.645524260420631,-4.771134923444594,13.68414043248774
33.2,7.473692034928774,-5.017645970623131,12.813040100176705
33.225,7.686574356838263,-5.416945876669899,12.286486891956718
33.25,7.3411610349738545,-5.857505006807703,11.742221861746387
33.275,6.567000280799458,-6.312392766608685,10.906755851975396
33.3,5.377121645219101,-6.719345846138267,10.03469907562897
33.325,3.7809821178474556,-6.903424171470034,9.562378957473955
33.35,2.0530540468331955,-6.808408153877317,9.55259165422011
33.375,0.5207244096494006,-6.612940782020977,9.818608624773766
33.4,-0.7182007217931207,-6.606979156523975,10.044560020452606
33.425,-1.837171854549147,-6.826183885749495,9.968000358773187
33.45,-3.032020624361324,-6.976007378171487,9.742724843945062
33.475,-4.455425459106268,-6.776056614773648,9.64475996766714
33.5,-6.415697741348357,-6.0893803039655525,9.665482126553968
33.525,-8.985167567161168,-4.894534291984956,9.730030672018431
33.55,-11.771086790707312,-3.243715714079975,10.006155776914497
33.575,-14.498087939632097,-1.1500131099970472,10.804854465107203
33.6,-17.217545171157035,1.2967421815708702,12.044967299640133
33.625,-20.064807688242194,3.808504167998335,13.49042585641916
33.65,-23.14583380872438,6.33592436323049,15.083460575523942
33.675,-26.29060291961365,8.977286174076061,16.89318365279386
33.7,-29.037095308711063,11.462495200242673,18.84935476976647
33.725,-31.315443437936885,13.40916944803695,20.80334708301563
33.75,-33.452997685319794,14.567060412851095,22.63695259171452
33.775,-35.58171192017498,15.17218088937745,23.97628964217775
33.8,-37.68142834032342,15.659000344348136,24.465265428994623
33.825,-39.81293676365235,16.31974841217223,24.21700995024788
33.85,-41.87759258613246,17.09837539650832,23.583389313529317
33.875,-43.728923374582585,17.81356774473176,23.134364266862423
33.9,-45.29771596238466,18.367505640393816,23.18891340312472
33.925,-46.6973595405619,18.60999067794082,23.499746018974758
33.95,-48.030612422930695,18.701147170191042,23.72328608878117
33.975,-49.02818797043667,18.99246873792775,23.511448769851913
34.0,-49.443098130892395,19.579468861971446,22.70655476048314
34.025,-49.28523598050616,20.352861453989377,21.572980665160856
34.05,-48.66352545893319,21.12488105294494,20.578684527953175
34.075,-48.07565524568063,21.76500658267553,20.117112978570784
34.1,-47.78274647062429,22.255613921830026,20.280844058101724
34.125,-47.273242479961404,22.5826268443568,20.771543177767406
34.15,-46.58173114783719,22.654118079539813,21.226782577000204
34.175,-46.58667674223482,22.327335212460227,21.499903129234507
34.2,-47.54444128104653,21.41136711952112,21.551091804134945
34.225,-48.84487273964108,19.837078217105827,21.191911517424654
34.25,-49.98678944145598,17.811606535528146,20.290752488382786
34.275,-50.85935668917756,15.688111583219062,19.012325543076294
34.3,-51.53529783701839,13.848199018729447,17.67978067005034
34.325,-52.03261759257209,12.30240562063859,16.443086964947728
34.35,-52.34319396847973,10.898739657338627,15.228369796088927
34.375,-52.47771665928687,9.834584693586093,14.012874880859787
34.4,-52.296574950553264,9.209657840634584,12.8403584232674
34.425,-51.54646612250937,8.854034398362074,11.751300533890019
34.45,-50.26119550139599,8.777398736614712,10.920758756670098
34.475,-49.11372307511422,9.160695571547985,10.5905979975765
34.5,-48.686625702514576,10.14375113675141,10.860915826902023
34.525,-48.88782646682286,11.657434986768614,11.644028031494464
34.55,-49.34143718097392,13.496100711506287,12.660300841140632
34.575,-49.874816487407536,15.423254592672212,13.569743087842157
34.6,-50.65037682357058,17.21144140264772,14.276266346823508
34.625,-51.94659713123163,18.7650430223852,14.974323535668617
34.65,-53.870428992074544,20.30285598086982,15.853158512332842
34.675,-56.28391280987046,22.122953316599293,17.13115303397678
34.7,-58.950553907206285,24.165982970417176,18.978862070752687
34.725,-61.74911733370011,26.091151731403183,21.20524453111388
34.75,-64.54095371208676,27.649734621637617,23.443285123969435
34.775,-67.0431280152382,28.835429656404425,25.325901686655577
34.8,-68.94660309597421,29.855931308262296,26.506330212315273
34.825,-70.27396089654681,30.977557273852103,26.989727901232715
34.85,-71.37428641437857,32.27456569237951,27.08574375594696
34.875,-72.49899414988235,33.600390206399084,27.06189649372445
34.9,-73.60620203543317,34.72789367797041,26.94115429880534
34.925,-74.60255395141404,35.60234434263501,26.66549417622242
34.95,-75.48590903654579,36.324801696966944,26.358502819833113
34.975,-76.29579601103029,37.018799748452174,26.18340221055029
35.0,-77.12305289895279,37.76807528427423,26.17204749516475
35.025,-77.99318638122672,38.5940944744741,26.30938273277475
35.05,-78.82540541873168,39.4874294682794,26.584243223677223
35.075,-79.50848321052194,40.415243233284244,26.889720331812907
35.1,-80.04518521622617,41.36510368852156,27.07151168517656
35.125,-80.50070339374756,42.241487322548856,27.050324511956017
35.15,-80.8691021224689,42.98204479089328,26.876260402380243
35.175,-81.1441674772207,43.61267703554308,26.63512171759703
35.2,-81.40005950099214,44.16559586392755,26.3881821519446
35.225,-81.67040096353601,44.65767469729284,26.191384734132072
35.25,-81.88369732247659,45.075657048698645,26.037215387537117
35.275,-81.98105148724787,45.42457677624395,25.89469074254152
35.3,-81.98277449583428,45.718268036288755,25.74879048809961
35.325,-81.9341244559983,45.985565222642244,25.60553391553514
35.35,-81.89713325691403,46.20364984957499,25.511679165326967
35.375,-81.93999875462684,46.39699862952661,25.51891428069124
35.4,-82.03811916806875,46.58441082184083,25.602325998754374
35.425,-82.16693135140245,46.76615813383704,25.7161464388807
35.45,-82.3123969546378,46.91920246484031,25.8068531193347
35.475,-82.41022729672403,47.02354103892355,25.82181803464533
35.5,-82.42062107008712,47.08862342410411,25.7466130720729
35.525,-82.36459849588927,47.14253860079524,25.613998720656983
35.55,-82.29046459284676,47.20198401737654,25.472819439982334
35.575,-82.24647863556318,47.28858883619548,25.3699462228993
35.6,-82.21901185878558,47.40282064912636,25.313984874709234
35.625,-82.16982277497495,47.51306255900085,25.29590360522587
35.65,-82.08912907646148,47.60645052885374,25.306987475303067
35.675,-82.01177388405848,47.681324160097205,25.331187934822054
35.7,-81.94666832720621,47.73465265343033,25.355634289244872
35.725,-81.86217254128088,47.753129453337905,25.373057337691343
35.75,-81.77430113583097,47.73136382135371,25.37889488240208
35.775,-81.70381775811686,47.677816094854506,25.368494480527527
35.8,-81.66454597413023,47.591306807580594,25.37258326206486
35.825,-81.67801238305849,47.47624771840632,25.417536707155314
35.85,-81.76174978277706,47.36019237866624,25.475422121949162
35.875,-81.90891555453524,47.23462200219195,25.492344408135033
35.9,-82.08829351376896,47.056273741409704,25.451648491911595
35.925,-82.27809664639462,46.82652796721686,25.36265840934824
35.95,-82.46672782850827,46.57817609072298,25.238898491598242
35.975,-82.66222704633249,46.329929042024695,25.107303384586608
36.0,-82.88766660516313,46.10374508634639,24.985071644769924
36.025,-83.11785622484423,45.91099389800009,24.86154441708977
36.05,-83.30682727349118,45.73714816599191,24.726217673282253
36.075,-83.47210258319845,45.568909686463265,24.595692242596403
36.1,-83.6407273338472,45.383131283465815,24.471153920368987
36.125,-83.78636659186292,45.15934704654824,24.32068927942879
36.15,-83.90055994081885,44.94626996289664,24.162837714416177
36.175,-84.00040308531537,44.777915815960476,24.03142716234822
36.2,-84.09287548947141,44.61112750540535,23.927184470393485
36.225,-84.20426516776368,44.413094515427964,23.847618547595854
36.25,-84.3184087795141,44.19146871081082,23.76006265268615
36.275,-84.38592687013816,43.973297788262315,23.646098858367427
36.3,-84.42825963128037,43.81349163273976,23.519456907207445
36.325,-84.46837363159527,43.710417532226046,23.371314423479376
36.35,-84.51043898059453,43.615251242106766,23.227856521977802
36.375,-84.56994181186097,43.49969962700939,23.119603847980844
36.4,-84.64825017661964,43.345199813469854,23.04413603189242
36.425,-84.75859331441848,43.16682867690401,22.99293025579794
36.45,-84.91343960906387,43.00667826091881,22.965510451391566
36.475,-85.11153430666332,42.90349055803046,22.932581313871378
36.5,-85.33049075552078,42.8907855368845,22.89423330034975
36.525,-85.5587293761402,42.98537619125693,22.88705840361876
36.55,-85.79597036762392,43.18016812263982,22.92354577692384
36.575,-86.05151816798318,43.452574848764456,22.992051635719253
36.6,-86.34278350668394,43.79030202813283,23.116263990777995
36.625,-86.62792800803037,44.19494940637209,23.284273688994304
36.65,-86.91520048675294,44.69786267582959,23.525982463785788
36.675,-87.2335050069816,45.29780955198917,23.869140033386653
36.7,-87.55909551150489,45.92098699189445,24.26052481196873
36.725,-87.84494210197069,46.488117267752706,24.580947386810333
36.75,-88.01099364076266,46.94627168427043,24.7309526489575
36.775,-87.97740147709685,47.340960513825586,24.686352792515784
36.8,-87.75544889147925,47.71463971968923,24.50618611062992
36.825,-87.46189914802393,48.02388649276263,24.27275245746698
36.85,-87.20766199307157,48.223120040708736,24.05376642952263
36.875,-87.05633508262925,48.401492535879925,23.960670847979447
36.9,-87.04163835162502,48.580294495926786,24.023278460172044
36.925,-87.16783094811744,48.72588904729918,24.108880000917438
36.95,-87.39053243001321,48.83470910348255,23.963251943461714
36.975,-87.48782407698212,48.85863328526441,23.334460264028134
37.0,-87.19235017290163,48.60761890321538,22.16351263708317
37.025,-86.68212480453293,48.00253199054697,20.57395659091667
37.05,-86.37038645938576,46.99041493381179,18.734685151678917
37.075,-86.01912339168057,45.37489640254781,16.727622626876485
37.1,-85.2169541188566,42.74042519114389,14.51265204513148
37.125,-83.95471156582042,38.692188081759966,12.20758583755183
37.15,-82.14555411068388,33.22617945011889,10.25897986441724
37.175,-79.43925241240522,26.87143333736525,9.198002079148898
37.2,-75.73020628082449,20.738770228076405,9.104187593219951
37.225,-71.599438810057,16.06463901174886,9.378646996786868
37.25,-67.88695496556512,13.506151644510975,9.505967466476628
37.275,-64.8230314091459,12.669363628576217,9.170422174643793
37.3,-62.61300165207635,13.016568757521386,8.427932863401322
37.325,-61.37637136077636,14.20519193930786,7.695292780440301
37.35,-60.72243563545808,15.841398684544089,7.387863959089185
37.375,-60.40266612875719,17.847582429666176,7.746672087856723
37.4,-60.75328211133934,20.580998144247744,8.886806027039666
37.425,-62.80286561636903,24.45451491131939,10.779981337618645
37.45,-67.1220975142803,29.66997452816503,13.444605199229036
37.475,-72.415279119344,35.48868370409594,16.798679682285048
37.5,-76.24091385644473,39.49895888166634,20.733671533436375
37.525,-77.43353600052357,40.53678746833698,24.733164479645787
37.55,-78.19058165418788,39.733491907555596,27.341041030216612
37.575,-80.005660121545,38.35748797703952,27.833973107414966
37.6,-82.05868810458729,36.6768253100309,26.30469790932428
37.625,-83.62626772664879,33.82274592400424,23.511823267660205
37.65,-84.40764960469754,29.79998472589649,19.788510221554294
37.675,-84.83122717550005,25.93348754950163,15.601302908257832
37.7,-84.8549465254231,24.330088258704258,11.528268266898754
37.725,-84.1872466175546,25.952509939882773,7.846214656368175
37.75,-82.83303669485821,28.863239733010733,4.4994633997394535
37.775,-81.00337959208132,31.315087996474052,1.464664431902835
37.8,-79.32985282669122,33.61521256459814,-0.7144920621228226
37.825,-78.49677302220319,36.95129890590615,-1.0738653199896322
37.85,-78.63671977037701,40.82644158973954,0.6643078679413159
37.875,-79.83070344654426,42.75683151364606,4.355953994517236
37.9,-81.98516023277506,41.27237689506037,9.852447329151376
37.925,-84.84375134452141,37.618125758081234,16.211768272016254
37.95,-88.01502860694235,33.51290874978742,21.464787601325025
37.975,-90.48927890352856,30.23651832783063,24.142185950506576
38.0,-91.01827360298489,28.179612350576306,23.806609209480442
38.025,-89.53213068824499,26.440378060477375,21.053852411794324
38.05,-87.16630243784722,24.302426010990004,17.223869248260566
38.075,-84.79301393494548,21.67904633002494,13.474574151914403
38.1,-82.46294148803116,18.662977068734243,10.274449360391229
38.125,-79.93853668962123,15.616800519846807,7.987020985157734
38.15,-77.15245919364722,12.714080231953648,6.779065253438363
38.175,-74.35517608752846,9.944173131908158,6.2917679261727555
38.2,-71.66913238800208,7.670228275462082,6.041398778013632
38.225,-68.79418375757479,6.358149006198703,5.56555820731091
38.25,-65.46678599364076,6.192976791530911,4.6972932871133315
38.275,-61.87160660139104,6.608642169398884,3.692480836146184
38.3,-58.64460214567954,6.827471966291887,2.889000395957647
38.325,-56.31459738208345,6.557680417420794,2.6996603821617846
38.35,-54.71758219648413,5.658850204586977,3.1310835807897233
38.375,-53.0203078965477,4.159645293771297,3.6240577887995244
38.4,-50.76928365848152,2.574332546027607,4.104570963089976
38.425,-48.454353139346296,1.6024934318424662,5.031267785612201
38.45,-46.567972413791,1.444070323558889,6.499369743811205
38.475,-44.93803492102671,1.5239188059881794,7.914444766213407
38.5,-43.34963504637114,1.1893155150338286,8.71380501459416
38.525,-41.69015939534112,0.3419786022781531,8.941491915726106
38.55,-39.93620690175836,-0.5817364646418344,8.802024500947628
38.575,-38.43599364755813,-1.062655911439802,8.34336584265687
38.6,-37.50121978668583,-0.8884215047850103,7.554542329483099
38.625,-37.017084863982376,-0.3691391881611899,6.514078721311185
38.65,-36.503878443460586,-0.024726771473360575,5.435065054297492
38.675,-35.5395452977503,-0.021232545365590137,4.675904391152223
38.7,-33.98960232509833,-0.1380081819062486,4.4651211745238975
38.725,-32.07117668570428,-0.2221985844804824,4.520955036594999
38.75,-30.16311912115536,-0.2575960245003196,4.4110518974862805
38.775,-28.549475961849822,-0.1712654888712818,4.227415522336315
38.8,-27.38748003924366,-0.010320633518284486,4.315432268883502
38.825,-26.553554505761966,0.043088031754727106,4.740194065395801
38.85,-25.703033708749253,-0.13943830439690905,5.322052512533051
38.875,-24.586807150169637,-0.5027412175936782,5.927834297447836
38.9,-23.260836975390255,-0.794989880650712,6.5122888510408385
38.925,-22.075274025972252,-0.8280595578141942,6.998406878551371
38.95,-21.292071949226123,-0.6422766952746872,7.360714069037316
38.975,-20.706071508209675,-0.45416238618956084,7.647253750630883
39.0,-19.979962272443633,-0.4501217236044916,7.912331568140446
39.025,-19.133849630958796,-0.5911922946791536,8.221697328179259
39.05,-18.346522787700298,-0.6598450937615348,8.519072622208023
39.075,-17.66267149591856,-0.5272842936647083,8.609016082313564
39.1,-16.978436969156583,-0.2707366052489244,8.481070731858898
39.125,-16.232854477836433,-0.012120826697341143,8.349165467953927
39.15,-15.468802396977571,0.19464934347418744,8.37024410132876
39.175,-14.747600918330496,0.34998545085207816,8.521711145601714
39.2,-14.083372394900962,0.4855335540209416,8.720457203545022
39.225,-13.45488743746672,0.6676707716021641,8.929770087003202
39.25,-12.858584322079542,0.9797789194136095,9.153704119181366
39.275,-12.294831818748865,1.4240698003051944,9.449475647860258
39.3,-11.729573821509831,1.9216363530847036,9.910944526221826
39.325,-11.12556817083253,2.4202526685988133,10.530178033149486
39.35,-10.537165145448379,2.9445539006436436,11.18944167372693
39.375,-10.032835497945785,3.490629816627464,11.741708813190542
39.4,-9.55815808686406,4.008897011799176,12.093593860806214
39.425,-9.061190937416793,4.487765161494964,12.279070324307307
39.45,-8.563214980770312,4.954256552592126,12.44317452384456
39.475,-8.100711333649558,5.450466056520543,12.714987791033565
39.5,-7.685431241065096,6.015729344354258,13.004260665821269
39.525,-7.284590705478261,6.645949603296553,13.1171260407412
39.55,-6.857974809785667,7.281188848462849,13.017348805313096
39.575,-6.430120565236789,7.8787142139331765,12.866418886450466
39.6,-6.077590774217903,8.464008463417043,12.807688403529301
39.625,-5.878401609200168,9.064641407524935,12.821357479122018
39.65,-5.863797783254909,9.664767585059911,12.79436617662154
39.675,-5.987765822337422,10.221675265717163,12.65648380057907
39.7,-6.145118547823189,10.723616490527164,12.509988243735007
39.725,-6.2424645367633245,11.172576081990442,12.529455229467485
39.75,-6.229622771960951,11.527863627604125,12.81897041592855
39.775,-6.08765563024274,11.725324357746794,13.339835009062217
39.8,-5.899185539014009,11.747427521403285,13.924190389842146
39.825,-5.86157461313321,11.608605877084578,14.428687609817139
39.85,-6.013509529832988,11.253888875432132,14.816299304334448
39.875,-6.1403175788246,10.616377707268404,14.984479132008255
39.9,-6.073846365403163,9.831926508297574,14.798864535755303
39.925,-5.750928801037354,9.155504517028595,14.219668060754916
39.95,-5.103067000507882,8.722347811769886,13.334000874543731
39.975,-4.2648574862358055,8.47174279446567,12.36000165974687
40.0,-3.50073295242106,8.132672242788628,11.520497323934679
40.025,-3.030345504519524,7.5488993186425,10.937191326029387
40.05,-2.96653587327039,6.83002476848294,10.645766926147092
40.075,-3.2289266153087093,6.148975801018037,10.683220022830705
40.1,-3.6194761925693255,5.585972267904882,10.95992153748927
40.125,-3.94013936376692,5.13473762173849,11.222740740336294
40.15,-4.036246589332251,4.709103086906362,11.358568466152976
40.175,-3.9399202988507263,4.201228404245639,11.465908988178043
40.2,-3.8298346276127138,3.544855018950108,11.660483863953026
40.225,-3.813272066986515,2.728443932929011,12.009040553649022
40.25,-3.814632917031756,1.8199071986043593,12.449930237912742
40.275,-3.6241189982704625,0.9532779501007583,12.82347346510662
40.3,-3.195326940323367,0.2576272289157313,13.181471430522713
40.325,-2.618762519139007,-0.24819537073033646,13.67945003985147
40.35,-1.850347798387507,-0.6640032511696375,14.35206800805585
40.375,-0.7823497390726224,-1.1312050176436748,15.253506413238904
40.4,0.37011815611543813,-1.6572483266726334,16.429056330245874
40.425,1.2350705743525603,-2.1131975843518713,17.720584440238184
40.45,1.7753654508375905,-2.3882923650371115,18.8657459136969
40.475,2.0492722223575086,-2.4132633665397556,19.803355266018258
40.5,2.0620919482984292,-2.186514611600943,20.72384984804205
40.525,2.0312570011297852,-1.8553177040948754,21.732123033751808
40.55,2.178167726662437,-1.6324058933360766,22.46139655481018
40.575,2.445948824766614,-1.6038961780098635,22.46634326010386
40.6,2.5902234561017727,-1.644143092636022,21.85058115597576
40.625,2.418311019526055,-1.5696589163367514,21.150071796207293
40.65,1.9050913049582525,-1.357000791112293,20.605691192855662
40.675,1.1540396008051308,-1.1141197609411901,19.767573832369152
40.7,0.20270575424511797,-0.9697681273278563,17.96941737081848
40.725,-0.9473797312711763,-0.9904256566274883,15.219620050121696
40.75,-2.22060607994516,-1.1472950499892136,12.168775690850715
40.775,-3.5940046678528965,-1.3490966648582943,9.521361240293443
40.8,-5.173924694701933,-1.5548754587651228,7.573491311691095
40.825,-7.083918174285302,-1.6695072656513088,6.045262247263236
40.85,-9.225322894498639,-1.5444359535332732,4.63790250763753
40.875,-11.30908179869384,-1.200868023226239,3.3675442927010666
40.9,-13.185680122220681,-0.8181812553206487,2.224151936487814
40.925,-14.915028462700263,-0.539557639108329,1.1660020880586963
40.95,-16.596112610036755,-0.39866867330978534,0.33220528946537864
40.975,-18.21208698724171,-0.35347333453695046,-0.21103265237710697
41.0,-19.67993099697795,-0.3506482173615206,-0.6518857090167486
41.025,-20.826221437693995,-0.3928790032059011,-1.1402188858516076
41.05,-21.517976497842728,-0.5431560771148722,-1.6269884950263902
41.075,-21.807426136649294,-0.8072718017129497,-2.0295379726888187
41.1,-21.84618378087143,-1.108339473192811,-2.353234701544787
41.125,-21.692921730360393,-1.4022959463373517,-2.6149807187993717
41.15,-21.324670008081668,-1.8012118981085126,-2.7734275778970288
41.175,-20.80858658233914,-2.4132699883969546,-2.714786007096728
41.2,-20.24027291311991,-3.172947570356213,-2.3700331633057665
41.225,-19.539244347435055,-3.9039565433249606,-1.7549238436463328
41.25,-18.589160855006785,-4.6093909318886785,-0.8953154851782525
41.275,-17.82106204134346,-5.298867738893467,0.23980021229752246
41.3,-17.86019541478158,-5.786745771863623,1.7444315731599462
41.325,-18.752669117793378,-5.938507380502646,3.467187827471993
41.35,-19.978619470805832,-5.843783308403692,4.946752145258595
41.375,-21.029485935707594,-5.7566058760739915,5.888464564955529
41.4,-21.814612967269515,-5.889268446891607,6.34524934307336
41.425,-22.40174830023422,-6.243431208851561,6.4998306464914455
41.45,-22.591165000750337,-6.642588674809436,6.437311922720698
41.475,-22.273932590677354,-6.902312681725624,6.105783462007584
41.5,-21.714940101964693,-7.0181509262729405,5.5278817850151345
41.525,-21.178950213493994,-7.006268663644226,4.962518593233603
41.55,-20.981726995328348,-6.736324673918929,4.66665710709562
41.575,-21.390331816403158,-6.196342730380368,4.597006653809831
41.6,-22.246259781878653,-5.4660990895550805,4.566338044405922
41.625,-23.133551078884764,-4.546099557957154,4.438339889618936
41.65,-23.826960069705393,-3.763689037980377,4.4244215847360575
41.675,-24.162075405535266,-3.614424471740706,4.71639554247068
41.7,-23.810488767864904,-4.518543603877901,4.98782227621326
41.725,-22.24876573526476,-6.480694433851583,4.689729061226618
41.75,-19.921063340563485,-8.744360072219447,3.53526370395596
41.775,-18.21426680940087,-10.462654806398344,1.8803602872131095
41.8,-17.502691641102682,-11.597376967679097,0.8247219363995449
41.825,-17.047875451886277,-12.545958082260693,0.7160894660779952
41.85,-15.939805289759,-13.617231945354726,0.6670454686024068
41.875,-13.762475841932176,-14.92109903612304,-0.09123351790326478
41.9,-11.34840054012413,-16.42279912446973,-1.4647713233783968
41.925,-9.717719946162067,-17.71705780622758,-2.837544004124082
41.95,-8.586426649203283,-18.45905323635319,-3.8451821563340527
41.975,-7.3299008361231115,-18.68342759922649,-4.837132962652712
42.0,-5.9119172067426,-18.62584226959329,-6.082671267247302
42.025,-4.762794885744782,-18.53146762596896,-7.100699590353578
42.05,-4.055085281357727,-18.544817992450856,-7.69180707460506
42.075,-3.6882180801686535,-18.505473998646796,-8.361619225859501
42.1,-3.3731817325128706,-18.202470500261956,-9.476557575558125
42.125,-2.782090562743665,-17.658651989175077,-10.696231169237596
42.15,-2.009776108042557,-17.03124354737339,-11.52239973371233
42.175,-1.4225840683216033,-16.502544511003524,-12.077877511395522
42.2,-1.0653859023304129,-16.202790018159142,-12.709680568951617
42.225,-0.8249445739900435,-16.086055479467042,-13.363214901203369
42.25,-0.6501803891622611,-15.982425652948699,-13.719015668494922
42.275,-0.5749586617373904,-15.671232575506666,-13.602778944731243
42.3,-0.6982759836869749,-15.00481704310331,-13.067958968609766
42.325,-1.146603241962992,-14.034971806856609,-12.331984853932127
42.35,-1.9817887508275196,-13.009053871655237,-11.653292086309047
42.375,-3.120549476134174,-12.203398786368059,-11.127525955639038
42.4,-4.476264991130108,-11.735196969439516,-10.538029495265482
42.425,-6.113863951802973,-11.45838480538421,-9.615447799299897
42.45,-8.095973558655372,-11.118222591867537,-8.408740868871977
42.475,-10.231809851551457,-10.604480682659448,-7.317457015238175
42.5,-12.242230121942802,-9.903245327754924,-6.693171595920573
42.525,-14.150818778951527,-8.892872342415485,-6.45618237353561
42.55,-16.174218396989136,-7.4744303776212915,-6.156292022780821
42.575,-18.353359945487817,-5.866401655681781,-5.316801907639092
42.6,-20.562619533169777,-4.506658040072834,-3.8110747534558986
42.625,-22.583332000660292,-3.7062927737331446,-2.0191419567603806
42.65,-24.246171548888505,-3.5057275736753026,-0.4827773248742638
42.675,-25.549146097983826,-3.689905301625164,0.5254645261879614
42.7,-26.455982406585143,-3.8807255929376057,0.9415255457334801
42.725,-26.965428043395768,-3.844001978920497,0.8534163255809701
42.75,-27.226835748611247,-3.6785414783234307,0.43051654935343503
42.775,-27.376029386282912,-3.5452193074516534,-0.1550575904303394
42.8,-27.440386033554528,-3.4529559476885314,-0.7620939060278228
42.825,-27.466131456608217,-3.3723449857257686,-1.265797450634938
42.85,-27.505900196685783,-3.388647536488947,-1.5239692480956613
42.875,-27.524259920309774,-3.5443264945853805,-1.4370334906216786
42.9,-27.560469337712792,-3.7538823951527247,-1.0621601007786317
42.925,-27.6470934333328,-3.9886152279497207,-0.5582714038718296
42.95,-27.731596669367494,-4.225971634418964,-0.07106899904773685
42.975,-27.836394533243915,-4.331123405168252,0.16288464241072292
43.0,-27.924526030750663,-4.168100963303488,-0.12551408401032105
43.025,-27.915288547721772,-3.709456801252111,-0.9035445160584435
43.05,-27.8270257120154,-3.045333119376355,-1.790875442885057
43.075,-27.74219018127446,-2.3238883010650286,-2.310858280130867
43.1,-27.780223236079944,-1.679216988101851,-2.170987981207908
43.125,-28.070941106964753,-1.279653525534982,-1.375869881466904
43.15,-28.669373253290352,-1.2845224440485477,-0.15129251939003216
43.175,-29.565881549852293,-1.6606482807416514,1.1786100073607475
43.2,-30.758727850274685,-2.1549264006187894,2.2284035580786394
43.225,-32.15450514764668,-2.4676977697117093,2.60532862998024
43.25,-33.52554479435924,-2.394006042614714,2.112881287349738
43.275,-34.706634175153475,-1.901460719949705,0.9268605470637146
43.3,-35.65190331197597,-1.160976085669222,-0.4492028862639684
43.325,-36.45816849533748,-0.42681284013814025,-1.4913189325547345
43.35,-37.274143614775745,0.11078412055745238,-1.8571961771166061
43.375,-38.106631956898774,0.4080451812013537,-1.4062916697677696
43.4,-38.95269995785465,0.45734754453030413,-0.23962278235124462
43.425,-39.971355185587164,0.18216925066353695,1.3278989810820092
43.45,-41.274830522708065,-0.4190644199730777,2.9868999658273108
43.475,-42.77138011776987,-1.1015637449530202,4.5297755779861015
43.5,-44.41298205266887,-1.5348632666005975,5.737194438108927
43.525,-46.2222577089865,-1.6264583057296538,6.417261786740796
43.55,-48.09258049679791,-1.4072620026538407,6.495590416381175
43.575,-49.89627393705636,-0.884482635039272,6.139597697458078
43.6,-51.50468063560843,-0.13456333056664846,5.653657507217178
43.625,-52.737199204335134,0.628127750748497,5.230073395007679
43.65,-53.61199189428132,1.2507492606042327,4.971775386401946
43.675,-54.302285224542636,1.6720306781513576,4.89945836219786
43.7,-54.879067955921116,1.9382420567928162,4.905357449628546
43.725,-55.34336784206215,2.153745942598106,4.924460413703063
43.75,-55.77568589926681,2.365121145971717,4.987717515877291
43.775,-56.283137025882354,2.593667013020853,5.116738019607517
43.8,-56.95686840587133,2.8253247432760906,5.312434394948301
43.825,-57.831454859551364,3.023897537435861,5.5113264148467564
43.85,-58.88759636639209,3.2065960746124986,5.6129403800729065
43.875,-60.13631645068429,3.4223841613592914,5.562156804352123
43.9,-61.564080811662365,3.655772149060916,5.343770466196087
43.925,-63.1139140983659,3.875683682953854,4.95752760616106
43.95,-64.69100730003116,4.1658147626969955,4.418172463338171
43.975,-66.08903438522965,4.597344871172843,3.793739942644671
44.0,-67.1055421603654,5.107347781052266,3.18582500174693
44.025,-67.7098046352154,5.612639302168199,2.644957036801244
44.05,-68.0025915115577,6.086707151448093,2.173046052638994
44.075,-68.10723224095655,6.534300926041083,1.7991000082492998
44.1,-68.14398315613396,6.953822597528322,1.5840903401628492
44.125,-68.25305365054416,7.328672919434379,1.5580833074345082
44.15,-68.4978082903411,7.59623854730179,1.6454456445848296
44.175,-68.90179043620672,7.708775281471638,1.7500327843334311
44.2,-69.47493768551203,7.694034053057784,1.8556098168290398
44.225,-70.17500247226066,7.646878768969218,1.9815726775385363
44.25,-70.91360201404203,7.70150962587164,2.0952470547785187
44.275,-71.58083521973091,7.946165767889631,2.1273684547372134
44.3,-72.09351014016363,8.379243833232456,2.053534393920638
44.325,-72.48160562521907,8.936125697067572,1.9231634103236621
44.35,-72.80876700313051,9.563376973903315,1.8476511057112706
44.375,-73.08250929266357,10.24262492924425,1.8965551245833938
44.4,-73.29657942285736,10.885896252014652,2.013863073988166
44.425,-73.4851402921809,11.404544736085459,2.1295681923176035
44.45,-73.692982938475,11.85785195528848,2.250029740906429
44.475,-73.90266246814757,12.363807590055337,2.3621952144749607
44.5,-74.06030471361217,12.96664094368629,2.450163531666718
44.525,-74.1353954417787,13.590353567886215,2.5088626900842037
44.55,-74.18415790319881,14.139395601804486,2.5345284008416855
44.575,-74.31029067767119,14.568546540157104,2.584426657842149
44.6,-74.56187466196569,14.874001330599535,2.7400891050254543
44.625,-74.88404210276069,15.139735000525778,2.9719399125461456
44.65,-75.16839660813403,15.486480156502873,3.163876093153478
44.675,-75.37111957838667,15.931662234445373,3.229217924787272
44.7,-75.52242934737741,16.4175387320792,3.191835698512125
44.725,-75.6708041005523,16.90461357971435,3.1161856726441464
44.75,-75.84449715254277,17.39452224999038,2.9973252020254595
44.775,-76.03612633938135,17.87840676091725,2.810977891312825
44.8,-76.23307288388143,18.30822065662897,2.6269838073680325
44.825,-76.42421699734913,18.6117758834068,2.552810642260789
44.85,-76.6051842352696,18.830195974675785,2.591324966548055
44.875,-76.75714394907502,19.101862427165937,2.593426100351552
44.9,-76.8454732104881,19.4643255253247,2.4390559654291586
44.925,-76.8826494077327,19.823864845927975,2.20808742849673
44.95,-76.91578279320642,20.14125621751984,2.0549229290658477
44.975,-76.95723798302961,20.493659020494928,2.008884408660372
45.0,-76.9704937717733,20.941687642291186,2.018078840038533
45.025,-76.93526135986092,21.424031957877872,2.038536609163911
45.05,-76.90260263648098,21.842683153575013,2.0387096918196987
45.075,-76.91116266530196,22.18953924788326,1.9886290625457328
45.1,-76.92754263764414,22.56190197317019,1.878215861820019
45.125,-76.9231204356012,23.028052392433317,1.744804622332696
45.15,-76.96039177738625,23.532937843161733,1.6612656802495178
45.175,-77.13236598082237,23.953895237507187,1.6458967008285947
45.2,-77.4569119723058,24.250763643202948,1.672154291706128
45.225,-77.85118561148474,24.508267889778075,1.7246239952157938
45.25,-78.21585109718987,24.806393573912192,1.7659050060754273
45.275,-78.52469123017902,25.143698529643757,1.7465344181212763
45.3,-78.79374829241672,25.47020129519144,1.7009624657225515
45.325,-79.03313166573705,25.730439308095445,1.700776360533886
45.35,-79.24756005908945,25.94277372146645,1.724786570275665
45.375,-79.44116659758474,26.197031746564367,1.7084314688427147
45.4,-79.61139488239886,26.56412633335206,1.640845160447454
45.425,-79.7391942164601,26.95630526330771,1.5678148465960409
45.45,-79.83093902951177,27.2373041869719,1.5115261417143755
45.475,-79.95757009757074,27.49361088565251,1.4536319192561078
45.5,-80.14047259011316,27.953037621123272,1.374646251034858
45.525,-80.30125903610377,28.61139480547978,1.321784739341058
45.55,-80.36180852158222,29.169025992705023,1.3369584350273263
45.575,-80.32818541564427,29.4331984296815,1.357788267833802
45.6,-80.27729991735198,29.599122111806974,1.3269091906390902
45.625,-80.2590496836453,29.882847809837347,1.2744403079003621
45.65,-80.23725454969968,30.166134159584857,1.2838165487417559
45.675,-80.195928267682,30.32153196861742,1.3562827982434602
45.7,-80.1575782057434,30.547271654428165,1.3900028235496973
45.725,-80.06946026660532,31.06419414822469,1.3427672803951747
45.75,-79.8784038204293,31.811430820477607,1.3039471146428143
45.775,-79.60243894799535,32.492175041225345,1.320830845839797
45.8,-79.28928594062188,32.803092579881,1.3448394555587784
45.825,-79.01403921606561,32.767087087589225,1.354446461389385
45.85,-78.85324569926415,32.771925008147285,1.368870487742842
45.875,-78.80452061679462,33.10362368718736,1.38216357549249
45.9,-78.77149751946568,33.64067611469567,1.3605838981768423
45.925,-78.70465354250024,34.080912819261144,1.2666783017024272
45.95,-78.68870090529434,34.28213857824982,1.119320377032325
45.975,-78.81026540377921,34.32830487991255,0.9913415626222184
46.0,-79.06031228864737,34.33297938894839,0.9257145937362935
46.025,-79.41528555644081,34.32931130500555,0.9303160731091902
46.05,-79.885153921512,34.3509290623434,1.052567552489515
46.075,-80.45382681718445,34.422382724650504,1.3299132371942959
46.1,-81.03803331703584,34.48547030959359,1.6651682262497665
46.125,-81.48883573231575,34.44868022192993,1.887560313576636
46.15,-81.71939864273966,34.313896306230994,1.9406426250934083
46.175,-81.75109966249569,34.15270953216319,1.8991037890058093
46.2,-81.6632805723766,33.97996918410694,1.836928909978791
46.225,-81.5441182332787,33.75647874801584,1.7590396424771753
46.25,-81.4873876162046,33.48058609362978,1.672181028360593
46.275,-81.57238907220969,33.2078074913412,1.6252994452646488
46.3,-81.77301690273214,32.97914009183276,1.6158624393304042
46.325,-81.98445197010446,32.77642414910835,1.576269384045826
46.35,-82.13247213876673,32.583310292304866,1.4832726799247906
46.375,-82.20267806268423,32.38990039478954,1.381260088595973
46.4,-82.2221147653609,32.176775342780005,1.3120380050641056
46.425,-82.24905118071842,31.980912051466056,1.276658501888177
46.45,-82.32590173931514,31.909931244231053,1.2402329464246777
46.475,-82.42571438704837,32.00060799005725,1.1355147541725412
46.5,-82.46866681636139,32.179755084583824,0.8870032000953598
46.525,-82.35239482780169,32.422485837960586,0.47435753754704896
46.55,-82.00816184129948,32.73761634269702,-0.026732802699441952
46.575,-81.51072468230959,33.019170172163406,-0.4874851373643342
46.6,-81.05459084516389,33.066486329931,-0.8760868679089558
46.625,-80.85064631944333,32.86272335121406,-1.279999287512493
46.65,-81.00294966622717,32.75232667194588,-1.7203043683885673
46.675,-81.2556955808586,32.81817540704316,-2.178022840797381
46.7,-81.30765787201794,32.67719580901512,-2.5860299023809774
46.725,-81.30052833369916,32.279754399880645,-2.7463735393981494
46.75,-81.52028197395133,31.893788520812418,-2.6409388187019243
46.775,-81.92308967090412,31.83139602714147,-2.3529942486602513
46.8,-82.26399330428599,32.23675339882543,-1.9146233490298665
46.825,-82.5194640316056,33.04331920893181,-1.3731862156817976
46.85,-82.8295231811222,34.06312037166375,-0.8193450269305468
46.875,-83.16092476022922,35.08416199903123,-0.32828986305235947
46.9,-83.34059583653172,36.01707047541686,0.24047401177167843
46.925,-83.27992188349229,36.80658504587535,1.0552311560921694
46.95,-83.01468231508443,37.429815687939154,1.9218086429056156
46.975,-82.62268846418633,37.94075450976283,2.4924471417317555
47.0,-82.1553699979279,38.400690742418796,2.636437649684753
47.025,-81.77264044153571,39.032757569776365,2.453145936552859
47.05,-81.66752167640573,39.99639611524867,2.068546878177495
47.075,-81.809201435131,41.26283194078768,1.5041489830966837
47.1,-82.00468837447774,42.832522067958685,0.8124349702732461
47.125,-81.99681969921356,44.39209910965638,0.1870113357490628
47.15,-81.66120590459862,45.50045864017839,-0.2319521438097438
47.175,-81.11966515342758,46.17646518452415,-0.5669103661521735
47.2,-80.4453328599553,46.63903388865842,-0.9603597828588571
47.225,-79.67640213522381,46.81707666531056,-1.453846890510538
47.25,-79.21277159467967,46.432444084664894,-2.205057958961458
47.275,-79.63681453794912,45.10957685387379,-3.4850408148113003
47.3,-81.16129570050408,42.61690960878748,-5.226924906069472
47.325,-83.70673219833716,39.63792719268403,-6.921740531141494
47.35,-86.99115068499333,36.86402517041465,-8.329172278785464
47.375,-90.32208611958096,33.73929939429728,-9.703017655431369
47.4,-92.97224009748946,30.046372646442002,-10.875303410784262
47.425,-94.62903793807946,26.405725740411764,-11.118306845048021
47.45,-95.27552778862125,23.414236529544393,-9.754120119209103
47.475,-94.78117235858421,21.648076384202618,-6.788295953637704
47.5,-93.19588456664529,21.38107572639986,-3.6869437583028026
47.525,-91.15370221376993,22.01041241102073,-2.7158243597390186
47.55,-89.36183176262205,23.03007208340473,-4.371991097336985
47.575,-88.01401163705043,24.62036663034478,-6.770888366323956
47.6,-86.92166548078796,27.012023717037845,-7.766838939057801
47.625,-85.82852391332035,29.83081378946152,-6.546437711395345
47.65,-84.5369493243322,32.146903381211416,-3.3277312947283364
47.675,-82.95816007267972,33.27436572701522,0.9633618186520256
47.7,-81.45431800269102,33.573457501492726,4.90774429302047
47.725,-80.90842598530402,34.636194219384265,7.422082842643784
47.75,-81.76778592689416,37.837787447030344,8.2591607948467
47.775,-83.22153295435696,42.27489479359029,7.9408312188790156
47.8,-84.25998454088715,45.699558298505366,7.303458179250552
47.825,-84.69537717648406,47.263405770715835,6.798263413516645
47.85,-84.69757810606505,48.03388168597682,6.28352166016662
47.875,-84.53471414617344,49.54372241351652,5.172459079188743
47.9,-83.72440575567747,51.70886386359373,2.9903277731823112
47.925,-81.20701584306052,53.14221014659303,0.1956834216807706
47.95,-77.022814166585,53.40607253918087,-2.0574306019402235
47.975,-72.4172453522517,52.90342793410204,-2.9815481801267087
48.0,-68.46317114210929,51.83721616437853,-2.38864600945338
48.025,-65.13947904942387,50.25830458041172,-0.5344649813331197
48.05,-61.79391463058417,48.13977226541283,2.2399133244661953
48.075,-58.370148577357064,45.81262351518294,5.758465551294675
48.1,-55.349042758954276,43.79859467852374,9.557926917601064
48.125,-52.517356590468566,41.96362867989473,12.762329201523967
48.15,-49.22659541891508,39.76021079565887,14.893690142793941
48.175,-45.66867215715871,36.51585561096027,16.04090740428699
48.2,-43.15394475478658,31.91976274283885,16.188308517836834
48.225,-42.6206183332092,26.931125013372576,15.114511194893566
48.25,-43.28717682555792,23.124677243651487,12.843513868699592
48.275,-43.86992366580878,20.945900095795313,10.467404133559688
48.3,-43.636220563749184,19.75133174675772,9.692872333768767
48.325,-42.22302466408813,18.5383980118315,11.693748001299445
48.35,-39.20423228964477,16.27250443311926,16.440739614723856
48.375,-34.356297850835446,12.83289932114351,22.332926804353768
48.4,-28.366605037876116,9.741623403121283,26.032098329658623
48.425,-22.556647779566692,8.470006944883401,25.540621852879916
48.45,-16.881516197642163,8.547268457170595,21.76425790630406
48.475,-10.725050138821507,8.826246012188708,16.843555187672354
48.5,-4.744059565108386,8.820683585829025,12.898814337355407
48.525,0.2555224899619945,8.329879276587063,11.127787680608375
48.55,4.129736710434786,7.380804798482716,11.532665688122329
48.575,7.116904163190603,6.368616701249466,13.036213717600546
48.6,9.927211632583244,5.545060470099266,14.51062716073042
48.625,13.288973109486584,4.702082423586664,15.467110163119141
48.65,17.055583780458406,3.460579388124717,15.57537853883666
48.675,20.45026768745953,1.5947067189728539,15.115265607285918
48.7,22.692679524116087,-0.4552098134198992,14.856860933307669
48.725,23.015993260510452,-1.5207497910986258,15.003667597139595
48.75,21.188282784740203,-1.138580259814871,15.365376856480111
48.775,18.272369740735908,0.0263641600988967,15.841852090191194
48.8,15.779596125103136,1.1693774622321782,16.051224858864654
48.825,14.309458455475651,1.8725218895365496,15.865560443499534
48.85,13.255639729048303,2.246749057975896,16.11706895749026
48.875,11.866681032636498,2.6046673637067985,17.56727823846872
48.9,10.380601710067044,3.131375287044789,20.064494417943674
48.925,9.383974757109872,3.5101990127819467,22.79395977795672
48.95,8.6662421006442,3.0381411908745997,24.865750309249517
48.975,7.8149248814695405,1.4627383980576232,25.48326716629735
49.0,6.91214518484712,-0.7151586769942231,23.974376902873587
49.025,6.227429934540919,-2.565950641252083,19.821775927397635
49.05,5.938275550892632,-3.4975533514303088,13.663440437185606
49.075,5.6346088764442595,-3.7900349281718064,7.718256781435527
49.1,4.724521990701807,-3.802106758087368,3.9002590970660265
49.125,3.396308401469854,-3.656889510064541,2.9876711887008924
49.15,2.1715494491411604,-3.463514796558287,5.161017191725829
49.175,1.2569292340937575,-3.228340853820469,9.508964791946163
49.2,0.8358103501872437,-2.9762581461954634,13.849120800872987
49.225,1.1908151221726166,-2.778464096001919,16.591615204777437
49.25,2.3559102822266023,-2.679635459199484,17.884687654206488
49.275,3.8243615609819157,-2.961162333726619,18.3456650866707
49.3,4.974612141008157,-3.9118066048196516,18.183281480868434
49.325,5.780525491376268,-5.064955189194112,17.745226956694502
49.35,6.755693885630737,-5.943201285075668,17.122663189581637
49.375,8.392373622149453,-6.982760474987243,15.550452529540477
49.4,10.601596565700003,-8.31778842855025,13.13935425181985
49.425,12.349055548719884,-9.122764428706532,11.076401919749193
49.45,12.562817944823271,-9.177228400285967,10.6449017265008
49.475,10.927761441246098,-9.213663154557505,12.41232379271561
49.5,7.739513057306998,-9.730085797679799,14.617796057061915
49.525,3.532885604280411,-10.08329895582295,14.92737433077853
49.55,-1.2906194683103405,-9.146848796358771,12.655508477676147
49.575,-5.839121474436892,-6.724321651548941,8.81986640418334
49.6,-9.39640893849169,-3.4814237955624074,5.529716368235653
49.625,-12.538114993299112,0.12297561221281025,4.181092540812151
49.65,-15.972914737303729,3.704852791271065,4.524445137598623
49.675,-19.406161204182617,6.9218758767615505,5.896473059717126
49.7,-22.026332161928984,10.14670040362895,8.197597548437427
49.725,-23.822094459276126,13.95018693969431,11.435542598854747
49.75,-25.630264545696463,18.099935423312363,15.06550554365204
49.775,-27.653133136199344,21.48342401361593,18.3368807461961
49.8,-29.50492836593396,23.190815006594203,20.677079749273496
49.825,-30.937967837923072,23.636777605686742,21.34322334651316
49.85,-31.846192296383542,23.80135290309144,20.1224133834526
49.875,-31.779508979084095,23.823951817101033,17.840725239938603
49.9,-30.507229077736827,23.859607473783765,14.846752659869997
49.925,-30.215497907850217,24.508769102437107,10.742499147085805
49.95,-31.286139654816,25.876391447087116,6.350242747713609
49.975,-31.556697199241068,27.318101969100407,2.924878675045228
50.0,-30.533159086089046,27.26907285377655,1.4742559491337939
50.025,-29.282775542702897,25.370966731376853,2.3114519520929377
50.05,-28.510987828055683,23.504624138038842,3.701980717444283
50.075,-28.228364198036356,23.293943430909174,3.4287773260618697
50.1,-28.089964145833072,24.385547436059678,1.5040539702934237
50.125,-27.508124013841492,25.25605907132484,0.17121660301613806
50.15,-26.471519885616555,25.366579478066978,0.9274510119319064
50.175,-25.310892001647275,25.411422775318602,2.5873724334293695
50.2,-24.402529996704374,25.79196879337979,3.5201535578125913
50.225,-24.08299300740448,26.214519976726727,3.6264951614313885
50.25,-24.247782732349933,26.348653997094893,3.8703083135816265
50.275,-24.345540859379494,26.235985070422576,4.8054472224884215
50.3,-23.777918049690452,26.16462438368311,6.029006033918051
50.325,-22.51709852771673,26.324188925194573,7.009805077940241
50.35,-20.98532178356694,26.622186918513627,7.641735925925142
50.375,-19.355420201539406,26.804847326776102,8.050549500353075
50.4,-17.599197103697648,26.68251827250124,8.392272919982148
50.425,-15.866938553207817,26.41486941804474,8.773352256947748
50.45,-14.283399579278713,26.437850626739873,9.325767827575222
50.475,-12.917092407485613,26.803126815076542,10.18550444348272
50.5,-11.854641701863745,26.989075117517103,11.167125570284115
50.525,-11.050367024269736,26.611881582491037,11.88700469107887
50.55,-10.402795868328004,25.841132289409924,12.203233835885317
50.575,-9.84014196564274,25.153659066554955,12.172891941565851
50.6,-9.3101374742151,24.712015924819028,12.020930278784935
50.625,-8.720744130798085,24.290117030779587,12.093728846377354
50.65,-8.062289513330422,23.753856151667836,12.4827115932768
50.675,-7.473532610403584,23.35639394236929,13.032025080552813
50.7,-6.784820928192102,23.457530672611696,13.738025445981718
50.725,-5.3231008093609935,24.215185515289267,14.359426038321471
50.75,-2.5978022299289827,25.147575770754674,14.344605453658689
50.775,1.028684325997775,25.68002136894177,13.790473084934366
50.8,4.806259805255296,25.78451604052032,13.231565104376285
50.825,8.833369438894206,25.583204516163573,12.772475586958667
50.85,13.413918360898428,25.190251732297977,12.324915919538013
50.875,17.938299327081936,24.72541215189134,11.931457154094172
50.9,21.020071849156405,24.228853352568663,11.689817930841215
50.925,20.182198538397234,23.672986520700565,11.807947339124237
50.95,14.91317463085689,23.046818435627216,12.345097236758146
50.975,10.686692864046629,22.310992268350486,12.676728180682936
51.0,10.13288371627146,21.480906340061164,12.663306151051485
51.025,10.210168233892762,20.787749697559814,12.488314462864631
51.05,9.644488537460287,20.379294923549143,12.226353992564432
51.075,8.317063983529184,20.110555822440855,12.457940663427767
51.1,6.424958203147211,19.715004386005546,13.337349067863467
51.125,5.336650467460276,19.34855696439451,14.00424585697524
51.15,5.485783158210821,19.175501677285375,14.0757394583766
51.175,6.0851937941071395,19.032196105027083,13.98860010861284
51.2,6.6973875962367115,18.834328274259132,13.975700361226163
51.225,7.196646102053962,18.606104426732603,14.015335209865643
51.25,7.562407458081533,18.35706690278265,14.03777056663551
51.275,7.906655059991504,18.08337642457583,13.975084915465628
51.3,8.302967630431803,17.823753872401788,13.818181872053692
51.325,8.718456859392203,17.615873151207815,13.610740519107297
51.35,9.114011197534614,17.45582138839636,13.425689405849663
51.375,9.4753739081166,17.342844846681984,13.288140597926416
51.4,9.794826003357429,17.2553271024633,13.162959889668537
51.425,10.106511968984012,17.141498774295474,13.048512265673342
51.45,10.453746324643275,16.98702186379991,12.952568583618014
51.475,10.810642700937741,16.849722539258767,12.845252290492363
51.5,11.127063536783169,16.77761958155947,12.717135111816779
51.525,11.424720872393385,16.74149877138302,12.593772166428375
51.55,11.741222957893457,16.695223700000128,12.495501788871207
51.575,12.078966775929137,16.60703214938602,12.417676706790404
51.6,12.427207741784658,16.47441124554911,12.320939207169294
51.625,12.770776267449795,16.319496732055367,12.156760790150773
51.65,13.091101052759226,16.170485287217808,11.944146352181898
51.675,13.353677696866903,16.047010628602568,11.760541731939183
51.7,13.539875660280412,15.94214049508426,11.64972930039596
51.725,13.630312416484951,15.83621763483988,11.58735737249948
51.75,13.68026648186005,15.715979137494974,11.523817305507837
51.775,13.810016831287012,15.58594200638944,11.426182109711759
51.8,14.008200034138008,15.472937959540086,11.286864739940514
51.825,14.174516431383847,15.389322412182775,11.131551128016122
51.85,14.299938771411583,15.335012784171282,11.025494504324193
51.875,14.450467118136242,15.30721170625575,11.00286842160043
51.9,14.655380623683838,15.287304072028862,11.050713873404648
51.925,14.89787740102874,15.24629950209463,11.107558574303356
51.95,15.176776110193984,15.187765988650158,11.039825965911428
51.975,15.484609721280373,15.166709831344184,10.869091556109714
52.0,15.79262412630736,15.18728378370527,10.799453500905566
52.025,16.021817420036342,15.198127325762227,10.96540509674079
52.05,16.0912170886238,15.19804524272565,11.292494028714822
52.075,16.065042334693594,15.206277729943986,11.62599107398283
52.1,16.068785301519505,15.201517281388591,11.868674614077783
52.125,16.106601643470906,15.165220180188333,12.017951643390429
52.15,16.106985067104173,15.127002830854297,12.135606079368529
52.175,16.059044740496752,15.108468759311982,12.240742299792322
52.2,15.972535244820516,15.141587278312414,12.33447626793486
52.225,15.807112085226173,15.251672186925344,12.455006763082139
52.25,15.578054430708406,15.404487568863225,12.609557468003311
52.275,15.356166150943999,15.550351895052486,12.795455402290836
52.3,15.217906135566242,15.652139562659725,12.95018402458227
52.325,15.16808290752486,15.698795071221875,13.030270639616726
52.35,15.173998418357984,15.72137005719815,13.054441279604113
52.375,15.219633139571187,15.759751437309692,13.044048421554068
52.4,15.292821862178755,15.797241589313016,13.037113253795086
52.425,15.36168233761757,15.802898998168875,13.051331389304297
52.45,15.390566094275552,15.788329240944401,13.057038610897111
52.475,15.37091881637349,15.776439760349326,13.05501712544539
52.5,15.321326105001951,15.784103512993033,13.05682069054252
52.525,15.277076343956383,15.813230345567222,13.051659038083297
52.55,15.271045841164167,15.847668525879664,13.041235751773398
52.575,15.30348568090271,15.886238520711423,13.030369398211294
52.6,15.366968093236231,15.909905308113823,13.017701262147998
52.625,15.454328989730783,15.89338070869822,13.02807167241234
52.65,15.516469338940245,15.840003124596915,13.085334481448387
52.675,15.525505958898167,15.763782904040205,13.131753901701895
52.7,15.509863579438084,15.694963170511757,13.079793875634175
52.725,15.51362026412363,15.663654606619092,12.93867374298129
52.75,15.553419254041714,15.656976506392143,12.780285997440277
52.775,15.652644785756209,15.615215462677405,12.654072999559938
52.8,15.832808967306711,15.522044964100143,12.581281442541394
52.825,16.054550543047686,15.394439407583924,12.514614554276996
52.85,16.249278714193377,15.230765661024998,12.416006411453049
52.875,16.365688634258095,15.037773825182352,12.327771847859438
52.9,16.405831270050765,14.847331439920522,12.260274921164013
52.925,16.388552521953816,14.70661669845128,12.201480624510024
52.95,16.347876407108423,14.629454797625048,12.153172132797913
52.975,16.32048599550157,14.617171440272852,12.100136792186799
53.0,16.336772770232386,14.661403821802553,12.038688518604344
53.025,16.39968074856655,14.722201414217553,12.003079509553189
53.05,16.453838884458335,14.769463250520934,12.039527809967568
53.075,16.448014667564554,14.781572577227243,12.149609393240231
53.1,16.378987671429176,14.76966281322983,12.25317419271402
53.125,16.26214045050713,14.787779820162411,12.314962891574256
53.15,16.103669774100602,14.877110133013247,12.385700249763671
53.175,15.926506803977812,15.004001807747768,12.49647261220352
53.2,15.802476676373058,15.097341483511014,12.593039511587008
53.225,15.766799126228653,15.150709042917283,12.591899403336223
53.25,15.808891271343168,15.189874908183825,12.459097414761587
53.275,15.889570685089591,15.215210824578199,12.279085555444984
53.3,15.921324686505244,15.226965249395432,12.159327161898315
53.325,15.83564653510093,15.2290168626212,12.111983815576545
53.35,15.64274964273293,15.219666575366263,12.050808442508194
53.375,15.395060432633725,15.248577199291523,11.92092946547513
53.4,15.133378063500523,15.350214019842358,11.764779253655158
53.425,14.861347584051073,15.509540640974226,11.632225120491357
53.45,14.54365442431891,15.663661096586276,11.55711886064476
53.475,14.206428118596845,15.739833291608432,11.51490500766461
53.5,13.898221488182635,15.75594602205551,11.467101749201893
53.525,13.615259125244659,15.765063182941654,11.428424213070008
53.55,13.365127002658035,15.761365468325115,11.444672339181642
53.575,13.146301549752827,15.728711316835664,11.476470342530515
53.6,12.903994654668766,15.656194629872196,11.489985746514945
53.625,12.581968663911603,15.565580017117627,11.501819985375297
53.65,12.135578903044303,15.527459024644617,11.4800509452309
53.675,11.58299839002628,15.57794823168473,11.405578182718488
53.7,10.969224896993328,15.696148465876169,11.284417195114637
53.725,10.291719604558693,15.818421493966307,11.064857267306218
53.75,9.490404411613444,15.918828236818742,10.684796894409551
53.775,8.352486835763532,16.074505360303057,10.234215448435851
53.8,6.554951215471632,16.46354642442065,9.85585836974313
53.825,4.009459955058268,17.190223999665754,9.467705212535629
53.85,1.0379949128831014,18.105009187859817,9.068684278778333
53.875,-1.983429412279075,18.881267890872362,8.615590363968852
53.9,-4.814440266994403,19.36449848247569,7.8386140511376405
53.925,-7.381224536163732,19.594991163315186,6.5736194588777055
53.95,-9.887805464947787,19.647333419387337,5.053259011588201
53.975,-12.73058231022011,19.57746114512836,3.6281753724568793
54.0,-15.927102338583568,19.467224706118937,2.4479081650905408
54.025,-19.141960088704945,19.288036244610637,1.4671764055448067
54.05,-22.19011367396219,18.94089535119492,0.5664822056149031
54.075,-24.868836853968006,18.313634571009203,-0.489152305200358
54.1,-27.031274117329634,17.323184613679608,-1.8898739214496971
54.125,-28.73717804949539,16.145076209425252,-3.3896240346905593
54.15,-29.38012518454726,14.885662054496578,-4.567477403947765
54.175,-28.611619725624806,13.598549315679197,-5.266753135859526
54.2,-27.60063838344957,12.747628135420282,-5.5127917881601425
54.225,-27.524034372902015,12.7001245135286,-5.442466995753245
54.25,-28.295609671800285,13.235598819046743,-5.25174757734085
54.275,-29.682905071083976,14.076241071976009,-4.972232355312842
54.3,-31.707831389903376,15.080144787686596,-4.566459303407327
54.325,-33.88516635224761,16.00275962820941,-4.1883437144057964
54.35,-35.77087787642689,16.80223953663047,-4.0200630922526
54.375,-37.85036843611651,17.714221814419542,-3.8292979643372558
54.4,-40.693767563620824,18.716399757143662,-3.285215779643649
54.425,-43.733114573927374,19.477447629613664,-2.526488739256684
54.45,-46.25566957767457,19.866285598195997,-1.7664211147850737
54.475,-48.59102069970522,19.913685885529773,-0.9282316754635104
54.5,-50.817851333986454,19.110746996783494,0.4380323157877427
54.525,-51.87026581087076,16.879422063686896,2.320220739309866
54.55,-52.260991156572445,14.197631960789684,3.1653030612527853
54.575,-53.382833513379616,12.411189869258386,1.9220947415502385
54.6,-55.145431555587244,11.525810230127718,-0.46186346203908896
54.625,-57.4114734717959,11.075633266523658,-2.7816507805328103
54.65,-60.37779149797258,10.958738293492553,-4.289720693212524
54.675,-63.98817667028158,11.213605554461372,-4.738204947381151
54.7,-67.9033167366649,11.991273335928014,-4.689157437334808
54.725,-71.68260975629038,13.684783903999392,-4.747248525715018
54.75,-74.87272144007109,16.498995098706793,-5.093030045878526
54.775,-77.11193915490959,20.53550861591739,-5.411447726702427
54.8,-78.22839326010175,25.47525086540225,-5.284454708360901
54.825,-78.21107031057751,30.301243324604155,-4.729103783575756
54.85,-77.18022151157184,34.283874288424634,-4.458709336109497
54.875,-75.56894385026543,37.61857480537853,-5.089070258970859
54.9,-73.76718812480577,40.22876097352597,-6.291338429102384
54.925,-72.20943659681288,41.09343776109704,-7.000505711157204
54.95,-72.08475097560691,39.57366383768392,-6.075644925250994
54.975,-73.4520696066385,36.27349024473226,-3.5211892318318005
55.0,-74.3559502447463,32.265548645380996,-1.121444618065247
55.025,-74.38733971551761,29.187213454965487,0.07812072927250041
55.05,-74.39868990200297,28.143759611149836,0.7023644605630203
55.075,-74.62355936200775,28.472301970952486,1.6785581099294835
55.1,-74.6929480170674,28.358261639308893,2.990532927829291
55.125,-74.21075332515525,27.242213456406912,3.430767444216333
55.15,-73.40335909541105,26.36516667745368,2.4230152337508137
55.175,-73.00603289986697,26.833478278102756,0.8145722270954093
55.2,-73.11752149898595,28.245232508821402,-0.407831591750791
55.225,-73.20615848243062,29.39588693248048,-0.6809285282401151
55.25,-73.20919803968596,29.757365847521694,-0.11296844450344426
55.275,-73.6937360272511,29.76210795027577,0.6919905331488923
55.3,-75.0730684822449,29.81805840722187,1.6794228016091375
55.325,-77.01985990899259,29.880584621828,3.0644754005179644
55.35,-78.66799758057324,29.881389081035994,4.462249721336272
55.375,-79.55371452069423,30.131382523360333,5.314403151085653
55.4,-79.76443375386974,30.976969275764414,5.487599921267424
55.425,-79.33808298214178,32.259601026773986,5.177227215211087
55.45,-78.26701450991601,33.74717246848541,4.627399595651859
55.475,-76.48531024199197,35.15963418863097,4.134949430813393
55.5,-74.10371706050007,35.981275593970146,3.979131693219875
55.525,-71.66440306446083,35.898614850067766,4.3586277639497535
55.55,-69.69427346609868,34.987888466045355,5.1489403778602085
55.575,-68.4041541103329,33.7342439405996,5.820517931050129
55.6,-67.70649270042547,32.88894100181274,5.880888628620184
55.625,-67.26124773780053,32.894147410640485,5.173742504642739
55.65,-66.75018285141907,33.70422775467833,4.025209241297878
55.675,-66.34606105290966,34.92663387258931,3.0767244218835623
55.7,-66.4309220730994,36.10156301272521,2.661887272041492
55.725,-67.04801694685922,37.020154127449416,2.7746592775647376
55.75,-68.2742177754416,37.76292576819951,3.244675009997062
55.775,-70.26710784216198,38.45585947490758,3.9682568518317245
55.8,-72.84962122965659,39.10728897154686,4.8806109383384095
55.825,-75.32669975042499,39.59822279044098,5.674571674068352
55.85,-77.01483505480796,39.87409995646513,5.9916685836099
55.875,-77.92258930378915,40.097740281927656,5.932090085740881
55.9,-78.47631412283053,40.45948446955122,5.785403246837588
55.925,-78.96021044089773,40.88500750186157,5.573314170605867
55.95,-79.54075479048075,41.25515457033776,5.216575091182956
55.975,-80.31124217490942,41.513050834051185,4.912845814738704
56.0,-81.2207511943088,41.631298037519905,4.910839812317067
56.025,-82.26177053873768,41.71299278313724,5.236392660977197
56.05,-83.45602337453232,41.94491534624353,5.740748084918931
56.075,-84.684438667689,42.32621871447238,6.191590160000228
56.1,-85.78488545064239,42.70128525256896,6.47058522557354
56.125,-86.71225839676588,42.98861926673237,6.6105541260257095
56.15,-87.36700361872944,43.17599869537945,6.697998838858031
56.175,-87.53980120514147,43.25518445906362,6.797156087162091
56.2,-87.16457714921874,43.13410335522508,6.9387956409097455
56.225,-86.47068648851027,42.78942779371934,7.197348127290787
56.25,-85.69939036831683,42.30386142664014,7.592275161848073
56.275,-84.95591622066983,41.755255310844774,8.01315543810741
56.3,-84.2564429946103,41.21443220270148,8.341994065955125
56.325,-83.50179301853984,40.70918490423975,8.554916231862672
56.35,-82.63331825921803,40.34171905734307,8.726639708248706
56.375,-81.63883352217013,40.3033950206495,8.916315335693326
56.4,-80.43346015209406,40.63446217039066,9.045469828648153
56.425,-78.96792986217999,41.126541215158056,9.008366609799324
56.45,-77.31391853472576,41.504407953437614,8.82237356989466
56.475,-75.59272703041638,41.69090520907294,8.613086147007703
56.5,-73.8326086560075,41.80182265779797,8.46909300532477
56.525,-71.94558530156063,41.96791367309285,8.37930691666223
56.55,-69.77908818124675,42.09500035177758,8.261467777429496
56.575,-67.24098077619266,41.876576043228496,8.09458209406236
56.6,-64.45583401140516,41.231828404246954,7.977750513197727
56.625,-61.5397037169521,40.39269964744113,7.923855307822633
56.65,-58.47245392359959,39.52181162702029,7.814227193975811
56.675,-55.17869993322222,38.60717776070278,7.5091690864204255
56.7,-51.65736912450396,37.68099324256483,7.046289794068901
56.725,-47.886606475364545,36.639960527433686,6.639676913054399
56.75,-43.840224854562464,35.370723384606286,6.447910397110227
56.775,-39.629074028742224,33.915754847916105,6.4770731421337935
56.8,-35.42640253383368,32.46965810006617,6.691782822854332
56.825,-31.43033443488449,31.36637384122563,7.051181658159204
56.85,-27.69245242049997,30.704965836394816,7.3651991331111235
56.875,-23.8524375171022,30.20706153959344,7.427988905928407
56.9,-19.36279906301075,29.412124054084305,7.082905943631337
56.925,-14.206678496365985,28.05695976464547,6.561131932357187
56.95,-9.059033270433252,26.29958379480912,6.4814595483837065
56.975,-4.418031308118272,24.370340568199083,7.447062655821099
57.0,-0.19848359525709472,22.44050620551758,9.454156141099283
57.025,3.3870113307318856,20.823051620573256,11.440203642852357
57.05,6.403365248088898,19.263800379860992,12.41704541033412
57.075,9.538347082461224,17.500858665437413,12.57009129334128
57.1,13.025417877904765,15.721613377541653,12.233168036409278
57.125,16.135981720315677,14.095803506280308,11.558039246247429
57.15,18.492969172762844,12.368581656404153,10.824559646665946
57.175,20.40635956830706,10.45342362877887,10.233082328212
57.2,22.139847916516214,8.586732393755314,9.913441768165349
57.225,23.344641722334405,6.914701440798114,9.86882554256249
57.25,23.503917213288304,5.368224845287796,10.250515557981714
57.275,22.525195835271933,3.5670327652115854,10.761933354495616
57.3,21.248729551742088,0.6796516298541002,10.328940431340072
57.325,21.405105718664323,-3.17169726051679,8.017137547905191
57.35,21.90413549143978,-5.288040217832237,4.238680152761375
57.375,19.769610530775186,-4.103604494716998,2.1099183343154317
57.4,15.26313339604128,-1.6932401745731012,3.4595730874844013
57.425,10.333643578980155,-0.7316057352747188,6.548852580206227
57.45,6.227559913879613,-1.5996133634406295,8.175342382035804
57.475,2.192333710678942,-2.5120315418308157,7.577384197631073
57.5,-2.699814497989924,-2.5434320570839457,5.8883182668602325
57.525,-8.088100578616444,-2.179794512000296,3.7236856392762103
57.55,-12.952873566714104,-1.6166532593642935,0.7896301754419325
57.575,-16.310002206130008,-0.880022689795639,-2.8366034670039943
57.6,-18.253146039844086,-0.31874808614320027,-6.290569369427725
57.625,-19.999246425700154,-0.05582308284017989,-9.034155097718527
57.65,-21.94778109325237,-0.04795421977850037,-10.794554301527358
57.675,-23.42493086020229,-0.6622023020221991,-11.440978682611725
57.7,-23.963987171628474,-2.49493833985375,-11.130575322028617
57.725,-24.151385680134975,-5.4479289200280725,-10.28975220410935
57.75,-24.74035066351905,-8.500225497465223,-9.49959254723547
57.775,-25.47630606955111,-10.309009834255711,-9.211972677964159
57.8,-25.478192608092293,-10.127585228598749,-9.41945769534851
57.825,-24.200885845095755,-8.493408344602953,-9.492442375428443
57.85,-22.409621186236535,-6.884060441643976,-9.089877096990762
57.875,-21.336548013701773,-6.495331287034842,-8.232982856927805
57.9,-21.75686954679668,-7.198430512280847,-6.924184019598265
57.925,-23.13595599540467,-7.842796730207247,-5.122140674640158
57.95,-24.332845597890216,-7.7802668081255,-2.7646724414453034
57.975,-25.01309257879512,-7.183032414755974,-0.45444304315096035
58.0,-25.085661472372966,-6.097574028948747,0.5263886532459637
58.025,-24.639542138405734,-4.531663098462725,0.12330785369861125
58.05,-24.665480987469998,-2.975694264072471,-0.5907834766634774
58.075,-25.63325602626013,-2.0791786027624104,-0.9165343128826426
58.1,-26.89998304553389,-1.9878191619377936,-0.7571384613001395
58.125,-27.71091729958999,-2.179750755729899,-0.5093270319435449
58.15,-27.854204898490096,-1.9680491959866386,-0.8088379387768725
58.175,-27.65560301346189,-1.110350464779333,-1.797124257337247
58.2,-27.4716728485385,-0.10874341176357624,-2.844622187827607
58.225,-27.814937500694842,0.38645453105014,-3.346826239588921
58.25,-29.150492264853266,0.21433061869750014,-3.216518623447168
58.275,-30.93480545002162,-0.18229523416576232,-2.5969934814496622
58.3,-31.840127801483874,-0.23717365860069364,-1.680985496116999
58.325,-31.176368404290148,0.14140022538011068,-0.6002947976389954
58.35,-29.41031299525588,0.6464596652213117,0.4479047856969662
58.375,-27.03629693407848,0.9456828919911396,1.184977048007153
58.4,-24.026450590545764,0.7547246353389436,1.6669712354742696
58.425,-20.71190481864802,-0.03936572277782677,2.122095048286681
58.45,-17.976374215168764,-1.1104128177231076,2.4256615575883913
58.475,-16.22749976671903,-2.210666824208103,2.2036954742043444
58.5,-15.071453051587245,-3.127156110671862,1.7060469718869231
58.525,-14.015979860869615,-3.421918169197383,1.53681538264403
58.55,-12.801110538526686,-3.0085085281094948,1.8557322696580283
58.575,-11.330480519501187,-2.3415999337425415,2.3053421067105093
58.6,-9.731096734204431,-1.6997273352436284,2.690347269045659
58.625,-8.230006289885406,-0.9932272614530587,3.28020738569305
58.65,-6.903748980347073,-0.11646302864517491,4.23911877638141
58.675,-5.733994888773151,0.8528337742707751,5.399698621461593
58.7,-4.676323357636698,1.7249499943059914,6.522232488617799
58.725,-3.657370398852621,2.3840405764546415,7.336650380891326
58.75,-2.655804462100034,2.855256283591558,7.801766385077294
58.775,-1.794603984455276,3.1292019586426703,8.085715528830354
58.8,-1.223081200818288,3.1292738698767244,8.356968274848475
58.825,-1.0847538466383844,2.9264034991918537,8.67720000925574
58.85,-1.4869310299910563,2.724678847478459,9.069509124930226
58.875,-2.418843201938755,2.6338880954302044,9.51560378663233
58.9,-3.7144103670083375,2.7341978892784606,9.985015775061049
58.925,-5.297192206152526,3.1251611566994284,10.613714351078555
58.95,-7.146008738688611,3.818892582235465,11.610714632625104
58.975,-8.99938060447767,4.644918797501787,12.81518331362865
59.0,-10.411679053374892,5.352718960016841,13.733347148173047
59.025,-11.031629367379171,5.863340713579665,14.094749289010457
59.05,-10.707445930221681,6.254731876751967,13.843566391740925
59.075,-9.549159593896608,6.581126606831392,12.981830232162837
59.1,-7.865743873522704,6.83552043431396,11.602963733209416
59.125,-5.872045921369076,7.001561953206667,10.057220323893086
59.15,-3.7202220853497754,7.30489217328555,8.92353244488964
59.175,-1.6665700934521948,7.959822348850009,8.594897832670288
59.2,0.10621590149928022,8.937716104477762,8.9417660186591
59.225,1.7753825403615755,10.076777010639848,9.381102937819515
59.25,3.479355013877368,11.2458310751912,9.48360633990374
59.275,5.0756451827967926,12.289630153962278,9.35112142394077
59.3,6.579704493449656,12.938349053640215,9.129840356660267
59.325,8.049917009740206,13.076534181207926,8.982770928952956
59.35,9.384079628834723,12.809079653149972,8.939274458602519
59.375,10.508371572909653,12.35685845614906,8.907864442452746
59.4,11.323271014139864,11.939656881046512,9.00764646149636
59.425,11.907419458763124,11.595967086084057,9.26403729629013
59.45,12.32726658047138,11.327690738251233,9.625355676607853
59.475,12.485925766677097,11.186244922394847,10.167533336141474
59.5,12.411041291303505,11.185351416719467,10.808487513131379
59.525,12.217220130649979,11.314849531957563,11.417695983307565
59.55,12.163869654209556,11.441140363957048,11.759146362975347
59.575,12.43043500009645,11.491381515772497,11.699114200510701
59.6,13.018805496627186,11.476562257722405,11.29516159115666
59.625,13.840885641425292,11.355945303858745,10.601163563230248
59.65,14.760626787272022,11.06916761715787,9.800325695283409
59.675,15.633436017844858,10.636555135529758,9.122790552235267
59.7,16.288935997630837,10.220051801621992,8.840352078745711
59.725,16.638356920161044,9.925909914658142,9.083172506053684
59.75,16.798709462953532,9.670929626906922,9.488647932531864
59.775,16.86568408060075,9.391456809281092,9.715258330664621
59.8,16.917537799641256,9.06542134223664,9.745711595650553
59.825,17.024058877797348,8.732381717268884,9.726008414579121
59.85,17.055312220953077,8.505293062055557,9.909435130102816
59.875,16.95351947680675,8.341188716135385,10.270628707596904
59.9,16.891020426123802,8.111625204993846,10.469146232973552
59.925,16.907644373091955,7.851796808997168,10.585246284605555
59.95,16.979598903950965,7.541278163851935,10.635257107206764
59.975,17.052228350387896,7.176826607605375,10.585343465761419
60.0,17.043229701428686,6.807833080601762,10.526580015957704
60.025,16.99738664713326,6.413137016753042,10.453799107263045
60.05,16.957133855075675,6.033555413299354,10.43887819258229
60.075,16.945492847811035,5.7192675691045975,10.54670141404961
60.1,16.95087061215025,5.439160027422777,10.629350875721666
60.125,16.8949614445192,5.17185739956631,10.607304210371712
60.15,16.6498435894013,4.8714625041937545,10.556204776601707
60.175,16.216419208323458,4.505250318147188,10.48741607114699
60.2,15.67782235524223,4.138957238630252,10.424234339298785
60.225,15.142388005629819,3.744147893029384,10.30668519507225
60.25,14.616582614735421,3.306497424134913,10.215244453986964
60.275,14.111194666793148,2.9108391192310195,10.219631891160297
60.3,13.699566149275997,2.605428773568147,10.220038505923393
60.325,13.411310210461357,2.4105456022711897,10.233191096567383
60.35,13.171293283511613,2.2861570271236342,10.32753096765077
60.375,13.014808172012431,2.0835361399280576,10.376906858448498
60.4,13.550951081842898,1.7248106235209597,10.648210405580766
60.425,15.275918971312327,1.224629583364221,11.61422931005897
60.45,18.002880571592133,0.5865911705605856,13.115400237999397
60.475,22.832931589048865,-0.07723212496101355,15.259050407289443
60.5,26.9836683867361,-0.47137223300939735,17.450993017937297
60.525,27.881006385581962,-0.3471661846747509,18.66034131046378
60.55,26.98100460259399,0.16106695353689462,19.22914575595961
60.575,26.123737096643318,0.6100043684240742,20.144288960642413
60.6,25.278939566820554,0.8592055748372992,21.070780806058803
60.625,24.081966013291595,1.008752336926579,21.29968970203455
60.65,22.69009966281357,1.0347679657006261,20.944554231059378
60.675,21.29019793378553,0.9472946251532688,20.286382004454374
60.7,19.91598959486257,0.8761406111237754,19.468732798173228
60.725,18.613584874443156,0.9089852306051416,18.58290498722225
60.75,17.383440627298206,1.0023554114027027,17.63585355305678
60.775,16.12544309437796,1.1794681575812467,16.59207213045468
60.8,14.824485324287691,1.6172359449824711,15.102019820899006
60.825,14.615604120300935,1.7245647890217297,11.033165847523005
60.85,17.20533084206598,0.015457903079257386,2.0432544730611903
60.875,20.810272868837547,-2.4931256821946715,-8.911915059491363
60.9,22.8995911193537,-4.0648050342464845,-18.308030546188505
60.925,24.293914401807136,-4.605015135561502,-23.5594213707927
60.95,27.0523800106474,-5.441323609084289,-25.80575852865942
60.975,30.05320892815475,-6.739619599418312,-26.532997141174587
61.0,32.224559984977404,-8.535665725932587,-26.49450387638026
61.025,33.337510927190216,-10.210836271753497,-25.54509829713439
61.05,33.09397276097296,-10.844096174400548,-22.511679029742574
61.075,30.8792609642755,-9.761527502158225,-16.515142368563186
61.1,26.913735167592254,-7.529494641455905,-8.648879802802101
61.125,22.78447738401565,-5.911873270626299,-2.1285184641700345
61.15,19.700371896526438,-5.705655996740264,0.6310066702657211
61.175,17.19997668567651,-6.019824889436979,0.6479441184350401
61.2,14.516536368447001,-6.227214228162187,-0.36015979262444575
61.225,11.380888195056984,-6.317386109507546,-1.4286866293719735
61.25,8.137281736163656,-6.455297454161227,-2.2666152114080536
61.275,5.087829436039497,-6.678231938172663,-3.0323779226152614
61.3,2.1600261973477854,-6.921338517692547,-3.731565858292138
61.325,-0.7577288668620221,-7.24218390499196,-4.335581157951559
61.35,-3.6651904254755356,-7.5969399964862445,-4.838943104581582
61.375,-6.513083372012301,-7.8227481084324655,-5.086288861680454
61.4,-9.222003107803575,-7.8494074275384635,-5.194958516365783
61.425,-11.801874368623714,-7.6492100837180015,-5.4277763914132064
61.45,-14.266795238041377,-7.178940577081846,-5.667246779484193
61.475,-16.48908856473255,-6.503211764873969,-5.686662980371205
61.5,-18.410406046461944,-5.867776929646951,-5.594075888890625
61.525,-20.139140039033855,-5.450745377821984,-5.65510378749891
61.55,-21.752592709953706,-5.124890987344812,-5.8953429804451005
61.575,-23.188588156691846,-4.675200144481877,-6.205780058879217
61.6,-24.475274125565967,-4.06077215204634,-6.609733152624146
61.625,-25.648695688508173,-3.4469153331787736,-7.133562483094192
61.65,-26.53195961817221,-3.028318626445939,-7.566614721704745
61.675,-26.983883739404142,-2.7681624042463184,-7.758601340281538
61.7,-27.27590441540818,-2.4107251966630856,-7.879182598289519
61.725,-27.73877770085826,-1.7989623651298128,-8.118923889777424
61.75,-28.344495079656447,-1.0617745741544566,-8.372378008198945
61.775,-28.932586844143223,-0.3477793570373582,-8.499856184320743
61.8,-29.409550500013665,0.3765584039023343,-8.616238879051098
61.825,-29.79968586610519,1.1653698347068009,-8.90334325764508
61.85,-30.424942179596982,2.026297041354615,-9.317882882147472
61.875,-31.178639539773023,2.7871728885856304,-9.614129627610717
61.9,-31.535663093638526,3.2276666420189906,-9.658097960078178
61.925,-31.563636698169816,3.5196074433597273,-9.502601783313954
61.95,-31.642168683878207,3.9663621421042503,-9.337361375202546
61.975,-31.799076804358148,4.494292826742219,-9.22158436785892
62.0,-31.92947733402551,4.973643544224637,-8.973520359337726
62.025,-32.02348180695434,5.48777910296957,-8.590168348818452
62.05,-32.065911482627726,6.194156823560734,-8.255876995125695
62.075,-31.948880093509665,7.003104449805128,-8.022500131908986
62.1,-31.68397811849495,7.631277168656148,-7.934319389334072
62.125,-31.417869897626822,7.997388089633366,-8.153942861628197
62.15,-31.151167086354953,8.181842284934847,-8.647583798993502
62.175,-30.78887043397699,8.145866930355872,-9.033720364865358
62.2,-30.314323747361478,7.735087826303174,-9.177967094144984
62.225,-29.76627540578678,7.003036723256032,-9.36037529521468
62.25,-29.262124601440075,6.138161498220522,-9.643681833906461
62.275,-28.779093926672182,5.1057205619515065,-9.759737386417061
62.3,-28.339979448212944,3.7950979358451296,-9.58172870738209
62.325,-28.29214545986624,2.3239257018331974,-9.352785619512664
62.35,-28.907218275277778,0.8937214240136755,-9.346684693560098
62.375,-30.04300400465909,-0.493657464441946,-9.492570043713636
62.4,-31.593721576280828,-2.0438947180436755,-9.727649115543516
62.425,-33.60837174858442,-3.7718125043628814,-10.286489226683162
62.45,-36.03405838999094,-5.337382732590011,-11.342025768641035
62.475,-39.252044051035675,-6.450063402561909,-13.033620109486835
62.5,-44.28243997704309,-7.115121469833873,-15.843618764411287
62.525,-50.91960168933569,-7.300690004364824,-19.735016245108042
62.55,-56.92235070041984,-6.748935617854834,-23.46725457072706
62.575,-60.03022812857282,-5.422947817867807,-25.1347198642788
62.6,-59.79773560525483,-3.6899267737640646,-23.641318971942372
62.625,-57.82922538913133,-1.7744477704495287,-20.28945564752988
62.65,-56.310633253981145,-0.3116033344553147,-17.82359102081
62.675,-55.94767773643361,0.5814113421951029,-17.758183529183874
62.7,-55.72040183995703,1.8531891027894698,-19.077247041688736
62.725,-55.02851966741538,4.1992874292304725,-19.296758115720834
62.75,-54.32564383414851,6.273338138944126,-17.834780453223004
62.775,-54.003960608041496,6.692049841629606,-15.859112905528882
62.8,-54.15255675017549,5.347898150740483,-13.867477430153333
62.825,-54.501206626526056,3.6452462124286535,-12.381127109294681
62.85,-55.0620667580198,3.31557262579049,-11.330847494187411
62.875,-55.62536364239923,4.291202713608997,-10.126266197575363
62.9,-55.88515789929831,5.900580565631797,-8.842691042357984
62.925,-55.73636569125533,8.103281211112051,-7.672888417539522
62.95,-54.98127213137794,10.763562826110892,-6.5072387159854195
62.975,-53.05077081773735,12.978069169049094,-5.584241621685201
63.0,-49.971596044024984,14.367697265017085,-4.949999837917508
63.025,-46.202459501516444,15.497724955053767,-4.158307175616178
63.05,-41.50727557676968,16.44178698815272,-3.4786339540264977
63.075,-35.69031046187309,16.923183846286783,-3.4632629212758
63.1,-29.627205343732545,17.237784520871276,-4.2065792853508635
63.125,-24.445165441631303,17.714659238629974,-5.092248795656374
63.15,-20.351463893216952,18.252674204526894,-5.553266152753533
63.175,-16.98733744039319,18.649110803775194,-5.484981701947433
63.2,-13.973567164136787,18.753053616912446,-4.855675227262799
63.225,-11.068678699445117,18.574502243315564,-3.676370532304639
63.25,-8.199909884827225,18.41056587140876,-2.1068292141537426
63.275,-5.455281631058573,18.527905981370402,-0.611582114657
63.3,-2.824644324682659,18.737164210286892,0.3463814364576883
63.325,-0.36350579760298796,18.771165999325493,0.8316745790806114
63.35,1.7809631936394976,18.51450835982979,1.1830294322035841
63.375,3.8641103984647605,17.82059845805486,1.3441384202041853
63.4,6.014338091517273,16.80792675355521,1.2141867384056755
63.425,7.828695846989572,15.761538963895877,1.1467663371827361
63.45,8.989173737051859,14.760238389147856,1.5034085679894857
63.475,9.60330001080831,13.726595176480172,2.215879952867446
63.5,9.95801868728139,12.649642015517584,3.021107809597471
63.525,10.21533747903734,11.580861854042617,3.7811862912611263
63.55,10.408527504889403,10.552583180254743,4.494472254646145
63.575,10.60120386008485,9.466502739229771,5.058658530792016
63.6,10.698580101210132,8.222903035354994,5.400979332112439
63.625,10.626777956285768,6.905960980901223,5.556416666249703
63.65,10.486486450228403,5.690653256793073,5.634665056546078
63.675,10.262151330209624,4.646115325219572,5.86899217049144
63.7,10.049305839965795,3.792389178229134,6.401001015795811
63.725,10.119882123637131,3.1501397788400443,7.040838155321166
63.75,10.375594085458227,2.8263187155448346,7.331276675917615
63.775,10.801827352104334,3.054029346217042,6.129015699481921
63.8,12.675462343047084,2.8411936838746414,1.3821421286379356
63.825,16.442792768712806,0.3252755382304797,-6.092087056522943
63.85,18.730912425328075,-2.4228841113737944,-10.828168702113073
63.875,18.04938463002437,-3.7750577587900573,-9.950278966884586
63.9,15.003147651049687,-3.6458719092292062,-4.623570167062244
63.925,11.568302234799793,-2.9189506384926776,0.07582345990352263
63.95,7.762521204113567,-0.893322162075403,2.6509604975784127
63.975,4.204932228750227,1.311427727037222,4.758245470310874
64.0,0.7392636183372039,2.7604309863744105,7.626334891777694
64.025,-3.337198427784704,3.3181929412001834,10.84200480058674
64.05,-7.406482604018497,3.5091301047720935,12.266276110271965
64.075,-10.599458235169445,4.694490312352653,10.319720957546508
64.1,-13.404623554090728,7.508686548166801,7.099447565763991
64.125,-17.066731414832713,11.359766605762694,4.862098057497608
64.15,-21.806049054765577,15.133688860414079,4.22592246312691
64.175,-27.75256624332394,17.75689758860088,5.138233465889981
64.2,-35.06263612882446,19.053274826260214,7.425458828224044
64.225,-42.30451679395127,19.536554988150755,10.498203534332756
64.25,-48.030488092401285,20.03877338113201,13.121746031394238
64.275,-51.90153913363926,21.252576275143674,14.719240647210148
64.3,-54.3345203871534,23.557151105546982,15.547700623384245
64.325,-55.88275564632597,26.431362729305008,15.900510542937312
64.35,-56.8654941477579,28.53189323988888,15.88918733676034
64.375,-57.35369273170241,29.287035374752694,15.091695401918932
64.4,-56.28420681222872,29.064772895500248,12.867453192013297
64.425,-52.712009243507175,28.557221086717032,9.92241935678645
64.45,-48.44933033771479,28.962992044033218,7.5154113793648
64.475,-45.46889851988736,30.060710684234774,5.059666319866346
64.5,-43.67313497220033,30.772320982970488,3.225489017913757
64.525,-42.764818231668706,30.412634717862833,2.8120521736953785
64.55,-42.906017963753214,28.600092083772182,4.242314784475553
64.575,-43.95665216811284,25.819621929726416,7.440940080531323
64.6,-45.17587344536,23.716521889209726,10.481179894667692
64.625,-46.014912431425195,23.36335185108064,11.508778607411273
64.65,-46.32434033429194,24.178695949681178,10.625344727447608
64.675,-45.960486453071944,25.14642366401247,9.245579988070828
64.7,-44.798841811329865,25.90166759891968,8.15214286513587
64.725,-42.9738553671473,26.407300209642276,6.882235001698326
64.75,-41.10504008365299,26.639466845832946,5.27277004162658
64.775,-40.00075379651455,26.99016758781799,4.09560624332857
64.8,-39.880056706570834,27.492463571183706,4.142941096155663
64.825,-40.363268033689735,27.311148245162546,5.8951856064418875
64.85,-41.11385744404096,26.581456288923704,8.56222616740901
64.875,-42.041838995334885,26.38698179130345,10.68150189355547
64.9,-42.87003604709731,26.844134868016152,11.574400640645516
64.925,-43.192957620565934,27.474961113472443,11.366061234289909
64.95,-42.849732953490935,28.01695352158796,10.64959025666952
64.975,-41.83964665122831,28.296022312552598,9.919618047898217
65.0,-40.576471508874064,28.438694477185702,9.274889295936534
65.025,-39.60771371086038,28.59870200641039,8.922411724884965
65.05,-39.23853991113018,28.718438777608842,8.984398943073986
65.075,-39.365023238986424,28.688339315146948,9.188245715268364
65.1,-39.79900680094176,28.655462678761012,9.297042252245864
65.125,-40.31962813632467,28.85673274748422,9.230844270240839
65.15,-40.681381700342754,29.343128694099505,9.008259842918774
65.175,-40.72458850277382,29.941361520109332,8.668150219315512
65.2,-40.482066843758474,30.378670661915496,8.263638763363163
65.225,-40.14699871790805,30.515594689974353,7.840687170769428
65.25,-39.86288455463929,30.424850667440463,7.4560637338797076
65.275,-39.60477444719008,30.10167904044723,7.2603054677355034
65.3,-39.40895253896782,29.58280716398264,7.300495527682451
65.325,-39.34612140173663,29.064719557966573,7.497758490075522
65.35,-39.413083151061926,28.72476793040383,7.6883119019492625
65.375,-39.608107142901524,28.566121032656884,7.744587902863882
65.4,-39.90009347253605,28.509659354264365,7.681804126602227
65.425,-40.258050839984485,28.506460519635773,7.686108305451761
65.45,-40.597155322890856,28.509466233764638,7.853673626063503
65.475,-40.77508692730277,28.431444948177965,8.05869415151416
65.5,-40.53966431666583,28.222522127050723,8.084612556090184
65.525,-39.7881579608759,27.954532872819925,7.878696105727904
65.55,-38.66373364897931,27.605841997902402,7.679016582364364
65.575,-37.19811864389104,26.972835146806823,7.7190592465345516
65.6,-35.29934348489223,25.860361001251853,7.938566807270088
65.625,-33.180935574441534,24.303325080598096,8.236507003205672
65.65,-31.263615225536537,22.69228473493185,8.445076034152827
65.675,-29.503223108872078,21.292173748640824,8.433981348148226
65.7,-27.636863676763713,20.102502489313096,8.198086677279834
65.725,-25.553523428200744,18.842529671379054,7.644214085776045
65.75,-23.147502141401656,17.290026369943927,6.57720382028991
65.775,-20.78430832684535,15.710357892870336,4.829600939249011
65.8,-19.175986216879252,14.482842224177212,2.4463669222545645
65.825,-18.620687372058175,13.575024591129289,-0.010513140989702258
65.85,-18.774609646472886,12.765125118619864,-1.7682322221225812
65.875,-19.280197990874566,11.979215164316962,-2.335314748803609
65.9,-20.005764556503344,11.25847366097146,-1.6454936836971443
65.925,-20.788694328558353,10.473919393430736,-0.23151619526478454
65.95,-21.549095936817935,9.581565989943693,1.018956537691704
65.975,-22.19574554665594,8.82595061680774,1.525751713083603
66.0,-22.423734496921888,8.570995047958395,1.3514224746457404
66.025,-22.213079636136303,8.838096156158226,0.8845374396380474
66.05,-21.75380983662591,9.206121003947745,0.4584476270335476
66.075,-21.372462201519994,9.300922101631018,0.11291084139563522
66.1,-21.221677215773603,9.058560691833177,-0.09462843661767083
66.125,-21.133988451446452,8.6754714402586,-0.07362704811233746
66.15,-20.99201131419198,8.209615465624394,-0.06925182176038697
66.175,-20.782914390096888,7.854855814150689,-0.20967686381006892
66.2,-20.51547745458064,7.886147811890048,-0.34263133932442047
66.225,-20.271642622951443,8.065339523442816,-0.5265545264996909
66.25,-20.01777519094894,8.110628374911952,-0.7073978239186353
66.275,-19.828930660151414,8.21061891095069,-0.6826919460964941
66.3,-19.80700290200268,8.21719710244323,-0.6464203691048866
66.325,-19.792477737294583,8.04500745788822,-0.704806859134722
66.35,-19.69066595925373,8.026621301973464,-0.6940050059818463
66.375,-19.55313991909702,8.389392576563997,-0.6159639809806859
66.4,-19.48972012355978,8.879001284591206,-0.48633842747488626
66.425,-19.44286432481969,9.180153851955334,-0.09508148661372667
66.45,-19.357523314543055,9.345321366826164,0.6962852518371587
66.475,-19.37067452287521,9.677029402805328,1.7280782575206144
66.5,-19.542440762209186,10.050330636268455,2.796086084709403
66.525,-19.865174966518943,10.111046560897588,3.931845091118791
66.55,-20.300757631299838,9.927292895540955,5.132363734760543
66.575,-20.704172086310514,9.837326125843637,6.096328114125845
66.6,-20.95323231988192,10.02816964619056,6.57215613207343
66.625,-21.163976159314203,10.359051538965078,6.65386871753004
66.65,-21.349747179994267,10.564235010304513,6.531778077819171
66.675,-21.452723909072073,10.650655875037472,6.39953107274428
66.7,-21.55690513439723,10.860400099264014,6.384380480105819
66.725,-21.791752993595118,11.221557950007849,6.546105618363792
66.75,-22.212000714823578,11.560210654678261,6.9431182401999445
66.775,-22.77707841642612,11.832921826992537,7.5203188652249
66.8,-23.346398751924948,12.083451711567209,8.047922772292724
66.825,-23.79944305951439,12.323519007948722,8.368558856996188
66.85,-24.137359994759063,12.558769346827072,8.557351643010001
66.875,-24.4294384422586,12.834152546520176,8.651680664945491
66.9,-24.649863302053344,13.210572822603899,8.570619479835209
66.925,-24.744736848371698,13.76060792743982,8.307252948754456
66.95,-24.77312266364226,14.468347430778012,7.989295889654919
66.975,-24.876818755687328,15.204353529514812,7.72258227191896
67.0,-25.17045016833005,15.848494823785344,7.55974393544888
67.025,-25.52597439052201,16.486783789858958,7.511238996739173
67.05,-25.81793961601099,17.25401448113405,7.516907275381639
67.075,-26.157267014982484,18.103698260797874,7.566853698504489
67.1,-26.598826159988935,18.96507852228837,7.659419167582222
67.125,-27.09228304312929,19.817293938851787,7.759352441755666
67.15,-27.560794809722015,20.647388147108437,7.8299156486734445
67.175,-27.948511848855137,21.394718443469426,7.859384849520988
67.2,-28.214720624404666,21.93814071466249,7.879832601910698
67.225,-28.362329035007132,22.3085754550376,7.94848124652297
67.25,-28.44114506705307,22.61007871166411,8.051636037470695
67.275,-28.483616035694347,22.847734796742227,8.165015254498822
67.3,-28.503683755824508,23.041656184417707,8.278100604852801
67.325,-28.540083714738525,23.28497426615638,8.35162649703189
67.35,-28.57765614790082,23.626212473576143,8.369237699363442
67.375,-28.53103867362729,23.99363093834716,8.372696273271584
67.4,-28.513232161611334,24.402640011606877,8.389057441476382
67.425,-28.639781496140444,24.916292482300907,8.43963243764406
67.45,-28.81191121511728,25.470845969869224,8.528503036431777
67.475,-28.915632010986112,25.96098133310723,8.65995294029608
67.5,-28.86413082857049,26.30967613133066,8.822555868380682
67.525,-28.688297453367447,26.586675093382485,8.992755879228655
67.55,-28.39954239734942,26.861918198866494,9.147744752015939
67.575,-28.07218198861584,27.0679673902483,9.29309979590896
67.6,-27.819410311643207,27.147137154124533,9.46339891070174
67.625,-27.664363951421898,27.13980783735105,9.670130031715384
67.65,-27.483482422358023,27.100657079472356,9.849047115277745
67.675,-27.234478232738052,27.04357787588295,9.955312578692617
67.7,-26.944400858102743,27.0013998319116,10.033444876184568
67.725,-26.676939743314545,27.07910794543302,10.12055841199278
67.75,-26.54847114049722,27.351751069986037,10.219826994489207
67.775,-26.556857793161537,27.640658798659874,10.348984462685042
67.8,-26.62448929615163,27.78627313684652,10.524935115862252
67.825,-26.70374493750113,27.850639385713098,10.69450130712778
67.85,-26.763514908213754,27.914150858918717,10.798297324140005
67.875,-26.73934886513491,28.031285071315914,10.823752511745706
67.9,-26.68097550249451,28.254444577995756,10.82663063510526
67.925,-26.759508457738097,28.4811956643379,10.887227923565801
67.95,-26.94500324597129,28.715324809721714,11.001273420386743
67.975,-27.15487630690774,29.00139939298842,11.119553950404232
68.0,-27.31978806430485,29.328768587540058,11.214212398962287
68.025,-27.37905441757009,29.66041581096514,11.2761673245175
68.05,-27.446205804046155,30.00810790283187,11.285848663411896
68.075,-27.63063807826014,30.408305932758694,11.258119554689104
68.1,-27.89165860009769,30.81488406742051,11.18370484156511
68.125,-28.233247132326223,31.217960006851595,11.060424352391346
68.15,-28.733263648651942,31.65917068654296,10.956937529366186
68.175,-29.319862760633477,32.08746927383784,10.867605900841363
68.2,-29.951315056204216,32.514488069553465,10.747125510118378
68.225,-30.655325695003874,32.990870257923625,10.556426481211249
68.25,-31.44947300651547,33.522364259307075,10.24263576696626
68.275,-32.2844466806487,33.97660917708969,9.751766659026842
68.3,-32.99849617269659,34.208056093169226,9.026948652167384
68.325,-33.49395750214688,34.34361198919815,8.067798184154029
68.35,-33.78392939126282,34.51226122265167,6.92977321780178
68.375,-33.936221652210094,34.757107543682636,5.640073230301212
68.4,-34.047339092440374,35.05238259405745,4.273271382782002
68.425,-34.093085295067034,35.258358459028045,2.995721582539595
68.45,-33.956009413370836,35.25340302247716,1.9301147153273817
68.475,-33.55382161465487,35.02072586990187,1.1271245119117805
68.5,-32.99647804645118,34.63078808750615,0.7500753698915305
68.525,-32.67954846699402,34.030649699690755,0.9658017582072288
68.55,-32.93969866655474,33.06632512547836,1.6656119443675552
68.575,-33.72910418797562,31.82503139493492,2.5838018969895216
68.6,-34.735481513936996,30.40478816025764,3.4899728332964286
68.625,-35.53208111466014,28.638382204582854,4.282385699447654
68.65,-35.83405516524441,26.411685092419834,4.939609211110344
68.675,-35.78565487331617,23.9318574085067,5.27083250249048
68.7,-35.557677390970305,21.4131772625378,5.046755793432106
68.725,-35.174333540214086,18.966543978979367,4.361934202717368
68.75,-34.62499481782718,16.585878793323694,3.3589134716460314
68.775,-33.87380915636048,14.15702662658649,2.0377501885639284
68.8,-32.940212336059005,11.651283088606753,0.523329576684877
68.825,-31.866895384413112,9.18137551561515,-1.023183217763053
68.85,-30.721393863725485,6.878489324031312,-2.71278938780994
68.875,-29.5457372781205,4.905315124679652,-4.729852790028808
68.9,-28.338963306076536,3.4680908193111373,-6.964680603409046
68.925,-27.112318372641326,2.5321819875564637,-9.208649258939161
68.95,-25.904367047578337,1.8958656727111416,-11.31187067162685
68.975,-24.867773038603072,1.4127585272377505,-12.995172256914067
69.0,-24.232132173341604,1.052825330084429,-13.919757761789846
69.025,-23.97938075939939,0.792113884951287,-13.992047972949708
69.05,-23.872239036393093,0.5855293263629353,-13.508038516287304
69.075,-23.736840673437477,0.45449302152277715,-12.812765759063243
69.1,-23.55173230958486,0.6146929607157668,-11.951444578487754
69.125,-23.340478128684847,1.1217572214397302,-10.971911385870168
69.15,-23.05921311375509,1.6025256155267256,-10.001144339381002
69.175,-22.707803710131152,1.7610295912944105,-9.151974907712646
69.2,-22.239645243410394,1.5932621375096214,-8.512672314248006
69.225,-21.59716460088159,1.073569988465081,-8.41126162462971
69.25,-20.829093055462494,0.1463895749002409,-9.21423578638354
69.275,-20.07014628600386,-1.0778320409681819,-10.860356954608697
69.3,-19.75265950710547,-2.2958939919615236,-12.920451128685247
69.325,-20.54984644500591,-3.3185369524281385,-14.700196918144133
69.35,-22.83474636309403,-4.244568789541561,-15.974144968900239
69.375,-26.462532281989404,-4.780870345789998,-17.608805107545304
69.4,-31.16534281128589,-4.169690180556902,-19.85347738148751
69.425,-36.620143497917454,-2.146007997328596,-21.98859771825529
69.45,-42.65561910200428,0.6383138824332787,-23.157297431811646
69.475,-49.614867143278815,3.141789778063762,-22.976396080478153
69.5,-57.581447026652505,4.257337898649414,-21.744268791849894
69.525,-65.49622745591032,2.750268684276267,-19.768040298883637
69.55,-72.3797870259191,-1.3277370256662384,-17.372994715840676
69.575,-78.23644141840869,-5.886327325475603,-15.083191384493713
69.6,-82.69447936642365,-8.618866021090493,-13.246684225254903
69.625,-85.73472597633496,-9.632061916055978,-11.885325957022548
69.65,-88.20963930186078,-9.71923627112153,-10.087833982014445
69.675,-90.32001820098237,-9.19291880641622,-7.541862363780634
69.7,-92.16978710009079,-8.697302894657415,-6.550686647119559
69.725,-93.3215565439176,-8.064661362077233,-7.415409317655899
69.75,-93.786646868688,-6.378271182516366,-9.619586953908195
69.775,-93.94346583536274,-4.51722762525694,-12.27260384977282
69.8,-94.0978829954807,-4.110141988256546,-14.152936848451706
69.825,-94.50309768929611,-5.367675604229378,-14.539566162789532
69.85,-95.29529536922162,-7.5157592927373456,-13.818574902566782
69.875,-96.35682637745306,-9.64998492814314,-12.975820298585802
69.9,-97.34318960230816,-11.11939200729207,-12.449944016555573
69.925,-97.95406317648822,-11.791094545268885,-11.942519227931534
69.95,-98.10138569985116,-11.815241456125058,-11.048572641821302
69.975,-98.03671458938075,-11.358182192590583,-9.703096415233576
70.0,-98.16839160182255,-10.69788330124842,-8.326872892549483
70.025,-98.619457850688,-10.262910828564321,-7.410491167703945
70.05,-99.28031769088386,-10.260194239126546,-7.180357672609158
70.075,-100.04531984046217,-10.604778879195312,-7.606947949214903
70.1,-100.96798837585577,-11.46117783998028,-8.492086671287366
70.125,-102.23433209568064,-13.270183111244899,-9.660129084541715
70.15,-103.96599868968511,-16.1309741043325,-11.022376324951434
70.175,-106.04314071228399,-19.594590833538398,-12.5976886356464
70.2,-108.15674401450292,-22.9865140194359,-14.410316894801692
70.225,-110.02410810277966,-26.025541386462628,-16.2187628028218
70.25,-111.46855733654277,-28.73420334647544,-17.63370711776122
70.275,-112.49904938438915,-31.009541151586014,-18.53086858818732
70.3,-113.22496169246591,-32.91477761912501,-19.185357483455277
70.325,-113.69485922258961,-34.60581320211997,-19.83160641193569
70.35,-113.91674684157701,-36.18718934318862,-20.423743228029945
70.375,-114.0203310735155,-37.75675602981451,-20.95104962315663
70.4,-114.1381243403949,-39.2996548698274,-21.428206669611864
70.425,-114.29941051820882,-40.64789927082568,-21.811168565959054
70.45,-114.47388072029904,-41.64128953281878,-22.13616676219919
70.475,-114.69787486937071,-42.18149430975567,-22.589356120885128
70.5,-114.97768175348948,-42.120239651798954,-23.290477342859372
70.525,-115.2930934421948,-41.30251802411784,-24.164940112548187
70.55,-115.63744399385527,-39.93281707407854,-25.217235023476917
70.575,-115.93943777228954,-38.38592562917698,-26.60528557260742
70.6,-116.08662825897282,-36.825643228560125,-28.246269590037432
70.625,-116.01997200292627,-35.47687017824238,-29.67461029303616
70.65,-115.58758137773141,-34.49921187180644,-30.324534243282255
70.675,-114.76748213328707,-33.806376094961486,-29.97355578391769
70.7,-113.78365763760311,-32.89468208852647,-28.730235563467737
70.725,-112.86465190132147,-31.22157701895034,-26.823585956391803
70.75,-112.02043061639259,-28.799196698136388,-24.40761916135559
70.775,-111.17607342113632,-26.07245737731892,-21.5573368799468
70.8,-110.43303606835134,-23.457383238115582,-18.44593521586259
70.825,-110.08945220449486,-21.2392093860546,-15.464946007165617
70.85,-110.41112736722157,-19.60123130227679,-13.211635218983835
70.875,-111.28959518786912,-18.45437546214106,-12.103890183081893
70.9,-112.41469158440235,-17.787609864866802,-12.120769362943177
70.925,-113.52639547139104,-17.636687502773,-12.924778526447561
70.95,-114.39552296179815,-18.175703807192964,-14.000971013941356
70.975,-114.94620673804852,-19.61577937900893,-14.93899284406375
71.0,-115.27258416501127,-21.493407745300644,-15.603483872514548
71.025,-115.48165741777335,-23.18585846122262,-15.945650423290529
71.05,-115.37573372308104,-24.388591484706403,-15.694991574307553
71.075,-114.55442174827618,-24.641854551759355,-14.391239388563905
71.1,-112.94992014050413,-23.588150038360737,-12.05271143028803
71.125,-110.95161391885394,-21.680002664099028,-9.204890016100512
71.15,-109.00583248160778,-19.582095197622966,-6.459240529427309
71.175,-107.3167254372583,-17.45758858044894,-4.209993409837314
71.2,-105.9744092943508,-15.34064882676305,-2.4860787504262527
71.225,-105.07983999322776,-13.630877060178918,-1.2231862599563856
71.25,-104.74971131746688,-12.877720344266127,-0.511271254492437
71.275,-105.04330919411947,-13.373185362253492,-0.5961477451385192
71.3,-105.928161834832,-15.119683486456985,-1.6828621530810972
71.325,-107.23137680865048,-18.009949890176397,-3.9667697141743394
71.35,-108.60954996254675,-21.47093508459468,-7.354307681914022
71.375,-109.57307283067163,-24.286744980864018,-11.176514162198929
71.4,-109.71733999433437,-25.453332207933823,-14.67666070325892
71.425,-109.04324387570415,-25.085786058217614,-17.205071745109166
71.45,-107.87822379336029,-23.85297873848543,-17.711503541914016
71.475,-106.35040484203468,-22.035440580260826,-15.068422101565167
71.5,-103.93062325979245,-19.368280026921145,-9.333758493226075
71.525,-100.3221347545061,-15.440747845245127,-2.4799791265053104
71.55,-96.4133511542964,-9.781773165226275,2.7060236244086497
71.575,-93.09607326288905,-2.4326126787814353,4.889971305796544
71.6,-90.44787707370195,6.201077488941518,4.05508819901334
71.625,-88.4683542706186,14.939003885074616,0.5640410757310879
71.65,-85.89556780241028,21.217106094424235,-4.169287567540742
71.675,-80.30810878053323,22.814614435176576,-8.176869982462405
71.7,-70.61965257893178,20.539070606664446,-9.705958879385298
71.725,-58.800793728774984,17.815493833534887,-8.438892268899279
71.75,-48.24137288557011,16.433342198152367,-5.770803546916348
71.775,-40.255881329819424,14.70712515426931,-3.478794155909593
71.8,-35.01821577796039,12.036807814647561,-2.3144079134323046
71.825,-31.979251746259465,9.329365494244238,-1.016875879146283
71.85,-29.573251454391386,7.2585933350708025,0.9583033911700836
71.875,-27.479302087764776,5.734320251424176,2.682819968184368
71.9,-25.998781556862838,4.59972185188419,2.8639950081211993
71.925,-25.308746569267658,4.143924138757208,0.7911288265924905
71.95,-25.55651367015401,4.3273449474059715,-3.084079037841396
71.975,-26.5271819683989,3.8057795003758432,-7.1559849649717195
72.0,-27.67163750807761,1.5527743136548176,-9.861250841078412
72.025,-28.17058176614901,-1.1904662984027934,-10.680191393116694
72.05,-28.389961455240687,-2.2196932183037785,-9.853189144236174
72.075,-29.769775322080175,-2.3294673856009083,-7.650364791088789
72.1,-30.12915206302642,-4.014368945097046,-5.213100946042059
72.125,-27.621841416527296,-6.953682231816137,-5.939864535339925
72.15,-24.147109146604116,-9.50845614797453,-10.6848923342769
72.175,-21.656426235221115,-10.688861054583102,-16.86776089860987
72.2,-19.07031050926727,-11.038102111616277,-22.541898852403907
72.225,-15.714042569122684,-12.217933434837095,-25.660894860841186
72.25,-13.144387757637224,-14.351220367513001,-25.20997094360613
72.275,-12.519646498092099,-16.141164665590356,-23.367459538995565
72.3,-13.186698092214135,-17.05620146478678,-22.665966459869193
72.325,-13.215251142100016,-17.955359509288368,-23.02719394435003
72.35,-11.88691257537,-19.24561886592464,-23.757842766969457
72.375,-10.21492400533572,-20.38027537649571,-25.15623400087027
72.4,-8.945096571465276,-21.034469091329576,-26.815064059540948
72.425,-7.941044229578679,-21.349052783123447,-27.553291492293248
72.45,-7.613528079112834,-21.53828345541863,-27.15624755316118
72.475,-8.845196333321105,-21.512891783648673,-26.83375356346117
72.5,-10.980309640705642,-21.024416879238814,-27.762818192788927
72.525,-12.407176171892061,-19.710783531413533,-30.28427975996674
72.55,-12.748474578827738,-17.576868473610315,-33.88914870886076
72.575,-12.980073351437838,-15.19612030824708,-37.07910429677002
72.6,-13.91970676815292,-13.437871263827063,-38.22503825386755
72.625,-15.54917115093774,-12.877189791003026,-37.330186743399274
72.65,-17.395888647388343,-13.17808995957757,-35.52362512548254
72.675,-18.931834372163355,-13.397932055378716,-33.416923032485954
72.7,-19.576079420355004,-12.764803146126312,-31.145657019341208
72.725,-19.054179078682434,-11.333332242106058,-28.839022158716155
72.75,-17.93085358759584,-9.667148769218413,-26.554165803185256
72.775,-17.241565982223733,-8.051280914698353,-24.240785716365536
72.8,-17.465079042989203,-6.5176056368680175,-21.917856292518696
72.825,-18.243221006521384,-5.2056360963770345,-19.85381257724407
72.85,-18.972669504106477,-4.261557695843647,-18.41321777931754
72.875,-19.41217492154973,-3.5652937424335693,-17.714548694031286
72.9,-19.76809626914532,-2.9115083300398648,-17.41939157347724
72.925,-20.20472637717066,-2.2957028138109963,-17.02954544770443
72.95,-20.645953369032345,-1.8496839058051333,-16.3606057056004
72.975,-21.070524058372417,-1.5860779913223333,-15.41675136446237
73.0,-21.473501818125165,-1.258555516589835,-14.15029414419208
73.025,-21.678198107099174,-0.5760728971652768,-12.656836939940204
73.05,-21.487012727664954,0.5542299587564632,-11.05123164640445
73.075,-21.01507983267737,1.9878467426649566,-8.85640718065518
73.1,-20.50895211175254,3.714082487306656,-5.402439933159768
73.125,-20.249308358799755,5.638388312348612,-0.6280427226730032
73.15,-20.194136718793125,7.086452804234543,4.863776806695315
73.175,-19.802607828928217,7.652163410702133,9.949547254466944
73.2,-18.639829912651457,7.767856819983704,13.034563352728993
73.225,-17.141862853018246,8.04114809895084,13.091937279139682
73.25,-16.017425533569174,8.55390224571477,10.415105794033868
73.275,-15.268594402351669,9.119984272635474,6.314253525916905
73.3,-14.613637044565916,9.612768938232245,2.400125320366577
73.325,-13.856541933965609,10.009060583908726,-0.0014065930538775476
73.35,-13.290325569485038,10.613512022485038,0.03798791270630392
73.375,-13.768650122038197,11.04941823583522,2.836184470531919
73.4,-15.677933244661633,10.310815002866944,7.304301223381461
73.425,-18.04791714123866,8.990768149594391,11.882363230182085
73.45,-19.39665011560068,7.962628630229387,14.724722048597007
73.475,-19.67875720350405,7.411261914177783,13.664574904089477
73.5,-19.751449574955757,6.821997229351373,8.947029847301827
73.525,-19.971207730173166,6.125868146086779,4.228813101457811
73.55,-20.197496352649406,5.234650850345067,1.9350699969348655
73.575,-20.842217726695768,4.153046832399553,2.0299924447237556
73.6,-22.00860510636286,3.144430930473589,3.4370939557138467
73.625,-23.240419672138557,2.545593002946099,4.892941395430071
73.65,-24.16502925665342,2.1770962399312808,5.58805214096839
73.675,-24.639280866088068,1.7237064556042607,5.526663755979002
73.7,-24.6680201281198,1.1467972984424404,5.220170057838274
73.725,-24.467454219338602,0.552958698253404,4.931639792742271
73.75,-24.384136937505666,0.04920350061352761,4.582027085995737
73.775,-24.572760269777632,-0.2710254720805273,4.097994609762768
73.8,-24.818598660013997,-0.30142278776595216,3.6361306335633747
73.825,-24.994153092129785,-0.08619046509916527,3.517820451957181
73.85,-25.161384971925212,0.19513908169091332,3.920992976726821
73.875,-25.449051840521975,0.4289634766983224,4.73523339287492
73.9,-26.07252145438658,0.7145146040592353,5.66941643392195
73.925,-27.11087735846871,1.1848188424999453,6.568273533837166
73.95,-28.45993289984644,1.846198015243683,7.511668510353974
73.975,-29.944423411244596,2.6723075462303014,8.603708284442156
74.0,-31.409317455518657,3.6038952985853006,9.994883652501079
74.025,-32.80081324469931,4.447801878280858,11.825172893297154
74.05,-34.15934701683168,5.090691121080006,13.894599905543878
74.075,-35.443150616108426,5.583142798801225,15.746013857736132
74.1,-36.60562335549435,6.0703567875995175,17.02565195237377
74.125,-37.56802661730238,6.699689123733656,17.642196068763
74.15,-38.13964799271579,7.575675014658028,17.814375015502936
74.175,-38.203952883606284,8.76246048230999,17.978800168712436
74.2,-38.028277994650445,10.267162283706805,18.530056653720763
74.225,-38.002546046679164,11.955721183131248,19.61257316399082
74.25,-38.04505061672359,13.574981636655153,21.014693482221993
74.275,-37.51929770171034,14.874534772802207,22.23454464321735
74.3,-35.96180408306457,15.434428434741054,22.8135921440957
74.325,-33.620466910733526,14.902831926415413,22.481771802395603
74.35,-31.216688650385496,13.56381188213217,21.375439097365877
74.375,-29.257365594259028,12.162763675071838,20.127497894949943
74.4,-27.531004351113793,10.985390617479952,19.103935184326293
74.425,-25.773523131459203,9.717523975754048,18.320846584182803
74.45,-24.009689572126174,8.065589324377042,17.549692238990108
74.475,-22.21161120302671,6.05402663470103,16.36853490322151
74.5,-20.401026789215567,3.843695750600423,14.287418743432418
74.525,-18.77224412093067,1.7189441956481737,11.238971412697364
74.55,-17.448787067801014,-0.023351473185199163,7.814547607916265
74.575,-16.59362624280493,-1.4934792625320923,4.805028476622255
74.6,-16.336603682977916,-2.8013205560109182,2.7892622618362792
74.625,-16.848039487376848,-3.8927242042967403,1.705665548014742
74.65,-18.421201017275088,-4.957976090326181,0.8201408952159368
74.675,-21.23834320037465,-6.161664481746556,-0.3462315026820541
74.7,-25.374224870212835,-7.324407664916406,-1.8257948969528932
74.725,-30.706508011773277,-8.1475688446067,-4.184240583663938
74.75,-36.57802484153923,-8.357308576952393,-8.268148017199659
74.775,-42.24356384356653,-7.983042538617483,-13.820091789340493
74.8,-47.698667000432025,-7.43640789354493,-19.621548247695188
74.825,-53.474154784702556,-7.238680016349382,-24.216413265453184
74.85,-59.68070190570924,-7.848217555524281,-26.473596137221957
74.875,-65.70859143948843,-9.07904672067714,-26.288566153413832
74.9,-71.0370567764272,-10.616760292077004,-24.444674044908663
74.925,-75.72734815998095,-12.417190765696839,-21.896797277047774
74.95,-80.10883391692688,-14.070602474572148,-19.554886786377203
74.975,-84.44491804023708,-14.910382976765684,-17.959109841119396
75.0,-88.90824715986813,-14.9834089350498,-17.04475264449815
75.025,-93.64361745072172,-15.311472666216345,-16.552340996079117
75.05,-98.44968814700628,-16.848971457699705,-15.808341449752687
75.075,-102.53315218898679,-19.6855499422166,-13.828976865885814
75.1,-105.89411178611182,-23.97454241767197,-10.864440043247928
75.125,-109.15297263146454,-30.187748240961813,-8.2561646184047
75.15,-111.29081977034114,-36.214407524031586,-6.975473806120999
75.175,-111.33285837667354,-38.657396713110465,-7.415192347362224
75.2,-110.33285077567133,-37.189430030465,-9.53817277698735
75.225,-109.677759353135,-33.360453801564155,-12.867527569821442
75.25,-109.82141054406162,-29.912283767492912,-15.642427291360473
75.275,-110.54679601255692,-29.28106045951048,-16.22139609215715
75.3,-111.46523236386324,-31.781114055756056,-14.529568445258437
75.325,-112.22842826932211,-35.525234040069726,-11.977094996206501
75.35,-112.65910224927309,-38.03988241354562,-10.243605114919431
75.375,-112.77875749310269,-38.00310981010807,-10.041072775185857
75.4,-112.71316298823642,-35.79560428771971,-11.05724068029758
75.425,-112.53098640930712,-32.9883299161787,-12.554046783768921
75.45,-112.27205906459203,-30.76937035706538,-13.826987344559631
75.475,-111.76554870860915,-29.62386381357437,-14.265932841786906
75.5,-110.6678077282454,-29.425471597566272,-13.871861639731348
75.525,-108.68479271651084,-29.374224590479386,-13.198880090323192
75.55,-105.68808259013001,-28.6551377247258,-12.641026078898175
75.575,-101.54863937813852,-26.98502055384502,-12.11924997597391
75.6,-96.03163785662838,-24.482116185624644,-11.01919541979556
75.625,-89.00529958058878,-21.825067762949473,-8.71678179608794
75.65,-80.85237610686208,-20.021084497777572,-5.4321051325473375
75.675,-72.49251450494562,-19.445122381001344,-2.121213586958669
75.7,-64.83472446813659,-19.631129273731116,0.32004366709767657
75.725,-58.30149539789054,-20.036856662931548,1.6915612201468662
75.75,-52.77604850734804,-20.45467238703624,2.35063443902435
75.775,-47.99810568240972,-20.64618177078014,2.5999582101682517
75.8,-43.85084447959659,-20.505856846119805,2.5216502341336793
75.825,-40.136879138358005,-20.22378918991643,2.2245566934057
75.85,-36.76966119847166,-20.030450813641572,1.9867170587931655
75.875,-33.74425618550279,-19.94184054222841,2.0879034780190757
75.9,-31.125905558502534,-19.821274111552043,2.512884320033276
75.925,-29.12880709195475,-19.523401097397535,3.0220692241545084
75.95,-27.78161314307391,-18.99857887397589,3.477650165577734
75.975,-26.782505592541064,-18.42317799943419,3.8657140125530023
76.0,-25.77091204278617,-18.18049082015028,4.1902706024852785
76.025,-24.597959332805036,-18.458310560224035,4.38593957660418
76.05,-23.40618878619418,-18.953705202821165,4.377863925706972
76.075,-22.171802655908895,-19.254310096310828,4.346085036168103
76.1,-20.50246124055809,-19.28378991953532,4.43031967433257
76.125,-18.316824620925974,-19.059787495161437,4.649021385974385
76.15,-15.799451726316631,-18.367581349542238,5.177309568640826
76.175,-13.015496750899668,-16.90359340898338,5.8330091055287046
76.2,-9.94906154199854,-14.544898056943397,6.176161807025696
76.225,-6.883896162366652,-11.713764250982925,6.338674855300405
76.25,-4.261332432802994,-9.234461984228199,6.814051868585687
76.275,-2.1713526807362875,-7.719899088759895,7.529835290898008
76.3,-0.6676632187915154,-7.081408146377523,7.6731437674231495
76.325,0.09655691850859907,-6.772307618574954,6.6113337398878524
76.35,0.3180942595309168,-6.318551904320935,4.743408914406658
76.375,0.4893362626960705,-5.714821117338953,3.318668599524284
76.4,0.7280541092441543,-5.121639432712182,3.065139609552755
76.425,0.795422374922076,-4.507073537624639,3.500768327962457
76.45,0.42596334995026064,-3.7735475637553435,4.160172774743226
76.475,-0.5552511282331786,-2.900063013989459,4.958997037176084
76.5,-1.8997959256808272,-1.8468317513393022,5.333308176905905
76.525,-3.019706663258123,-0.736705696385366,4.868121723124865
76.55,-3.693136391478246,0.247830333599018,3.7679574662588466
76.575,-4.191163203204979,0.8695981617268387,2.5318140330377505
76.6,-4.700580871145581,0.9769254119245921,1.5954980603740077
76.625,-5.2044706894405035,0.6456714346569681,0.8161825345274767
76.65,-5.763625356424013,0.011667327290964053,-0.2888061803931295
76.675,-6.566131397955696,-0.7739957984118285,-1.9559315087813685
76.7,-7.792617132607105,-1.5586510376339917,-4.123634429735151
76.725,-9.57212539040618,-2.17662908907878,-6.603913344039229
76.75,-11.810112616659712,-2.4383660149623174,-8.994044968902688
76.775,-14.266205428305685,-2.3271081065435895,-10.628660736364209
76.8,-16.841616294225588,-1.8805442076894547,-11.193037756982413
76.825,-19.47023120823826,-1.1162915464657623,-11.073564895696498
76.85,-22.03062769161814,-0.06544463497315385,-10.668679710246034
76.875,-24.608037384136974,1.397443906878713,-9.988717606377493
76.9,-27.378933579589983,3.3584186602340504,-8.933055653730829
76.925,-30.41369222198167,5.536118479593852,-7.463258047435347
76.95,-33.630730074487076,7.272118417560025,-5.491221643128353
76.975,-36.81358643443166,7.944982455487504,-3.005161350101603
77.0,-39.54684430335678,7.4731991431288565,-0.3393576067957526
77.025,-41.19303072049052,6.356809792453475,1.5630723491414968
77.05,-41.32275459136187,4.964872167121132,1.7201298115951147
77.075,-40.384523805828906,3.0588384886722793,0.09095693681724684
77.1,-39.32992988464251,0.3780687099265958,-2.540141403701965
77.125,-38.03227216319696,-2.924188902429462,-5.2462645791765405
77.15,-35.68174544537148,-6.4083137793446845,-7.107617413060277
77.175,-32.72339273201604,-9.367755715386366,-8.03582235507121
77.2,-29.95619927108942,-11.44086147897369,-8.643457959226108
77.225,-26.993291213505376,-12.916826611231025,-8.901446194773369
77.25,-23.69372031747025,-14.333285964164094,-8.340883143585229
77.275,-20.80042992790974,-16.152576816091226,-6.873982554314058
77.3,-18.521356486678357,-18.25591195461732,-4.864429430864379
77.325,-15.956067356542277,-20.14203213332384,-2.8446794408121745
77.35,-13.140418680196742,-21.384618705732098,-1.4236040665958922
77.375,-11.02534413208803,-21.695062692458034,-0.47131991493256414
77.4,-9.31939682455362,-21.11245224204874,0.9814306839450897
77.425,-7.62562812786969,-20.358801440459185,3.300007848024812
77.45,-6.670721523923832,-19.907178152572648,6.221560521137453
77.475,-6.839096501017489,-19.3601916330378,8.902479757864485
77.5,-7.330304711312005,-18.400982370873308,10.612472162381584
77.525,-7.28038557652784,-17.26310508733719,11.689472760346952
77.55,-6.926487575076698,-16.240393832705635,12.599346404734657
77.575,-6.9560560359302634,-15.26511970785222,13.043475665083104
77.6,-7.345071665042571,-14.281675785229755,12.989725073721209
77.625,-7.747643230251044,-13.179873095595022,13.007426576253982
77.65,-8.1243539632191,-11.708213813564633,13.395040402326634
77.675,-8.448255483842622,-10.05704084968032,13.92947425063732
77.7,-8.394839334526962,-8.71500740416354,14.415722589432285
77.725,-7.803777681056655,-7.909622731282747,14.993204364714794
77.75,-7.05063684331778,-7.6559837671214295,15.723535589157928
77.775,-6.511740793397064,-7.936628307416232,16.107736972022604
77.8,-6.407303914605983,-8.697540899299396,15.821551897558857
77.825,-6.866868335892001,-9.481672097757908,15.36945151786056
77.85,-7.807492765830071,-9.834443308811107,15.156150801638685
77.875,-9.054111967063365,-9.773575964576965,15.123457988775769
77.9,-10.328842423862834,-9.380483601963538,15.393473341680117
77.925,-11.31010350040913,-8.480553382523883,15.732004437756387
77.95,-11.861756107877202,-7.023347700093609,15.433609391698429
77.975,-12.019888819251529,-5.29284311045957,14.393713793843656
78.0,-11.386247540584643,-3.5851251682430645,13.007049767249727
78.025,-9.457105471568147,-2.0042088184178337,11.577110097411234
78.05,-6.788032051356344,-0.5935557205225634,10.462071183964868
78.075,-4.474397200632681,0.5183820633595233,9.35148804273787
78.1,-2.2780454515964825,0.8082158988716116,6.912378513692782
78.125,-0.339938590058945,0.17797503546105092,3.696501469651034
78.15,0.13855977954993812,-0.4386795742736026,1.9295655046084956
78.175,-0.9550191593553016,-0.35604774257199473,2.1278484227674546
78.2,-3.0496052357872094,0.20818197977114836,3.226822407632287
78.225,-5.337850686156947,0.5714172213831863,4.123437489870706
78.25,-6.972141794620658,0.25182947476262185,4.3794345927713785
78.275,-8.578783406010952,-0.31090411604973717,3.991264720504882
78.3,-10.918120749360465,-0.6100791550011608,2.644513766615784
78.325,-13.744227972710142,-0.6359855810222541,0.08243171358409458
78.35,-16.891273796299664,-0.3657301584037408,-3.381633271342873
78.375,-20.176537408960538,0.2177621920776125,-7.375434224904196
78.4,-23.182748032555313,0.9320593175909434,-11.427177179179385
78.425,-25.78547205602728,1.5002043260862652,-14.8139005255967
78.45,-28.08901373619597,1.7309301413885199,-17.03797240155179
78.475,-30.001933976816606,1.6460530059931435,-17.88050520893277
78.5,-31.28068129663876,1.4193530427058914,-17.403706233705183
78.525,-31.659818194372814,1.174195883270081,-15.888811080167796
78.55,-31.06362539683744,0.7001317686251911,-13.600592285884524
78.575,-29.79574698415776,-0.3410454016833253,-10.721933780085037
78.6,-28.229593756451653,-2.2056706653545093,-7.633360298096167
78.625,-26.62342999526747,-4.956621167529346,-5.184380892017555
78.65,-24.77712142495974,-8.265085278492812,-4.239876566964176
78.675,-21.889142168717466,-11.538392277299229,-4.780185083904382
78.7,-18.395474224183477,-14.008586648064284,-6.6717329323487435
78.725,-15.902786918808701,-15.389957570677263,-10.92842462860086
78.75,-14.234975762986359,-16.140955984613033,-17.15922322842019
78.775,-12.901065234817535,-16.527735572841298,-23.030095142970232
78.8,-12.069905008775649,-16.484955093690534,-26.658361934921736
78.825,-11.340026763431068,-15.898224397623958,-28.11825025088874
78.85,-10.675059525214733,-14.47114594958543,-29.077482223166566
78.875,-10.927759524155753,-12.61240777734016,-30.033399151603398
78.9,-12.854617198962508,-11.379139864705477,-31.090144868349025
78.925,-16.071124580268002,-11.128202200158418,-33.02646131442088
78.95,-19.835001960493873,-11.188742728465018,-35.1742702741519
78.975,-24.418737558347658,-10.956668842558969,-36.23188787992433
79.0,-29.034834718759495,-10.949551892487214,-35.97513568529625
79.025,-32.39228682685453,-11.563011280054626,-34.112905909459606
79.05,-34.88295836515209,-12.168363838371139,-29.8745244746914
79.075,-37.852872643880545,-12.618634582536329,-23.64214416137027
79.1,-41.595603430931874,-13.5516266606964,-17.169665518248046
79.125,-45.17423251602887,-15.075159561513875,-12.557466096795498
79.15,-48.586257036515526,-16.343098116594845,-11.567046733940444
79.175,-51.920235286977054,-16.30012516436554,-14.0792947227254
79.2,-53.51459802826592,-14.675784929467323,-17.1783739391755
79.225,-52.11182060052392,-12.462296083558611,-18.407653123588208
79.25,-48.92659976035332,-10.563701424472454,-17.64141001346881
79.275,-45.707434161690095,-9.291369817330796,-14.950820869370485
79.3,-43.14708808571614,-8.81201051369394,-10.847773904884182
79.325,-41.732063830305954,-8.680927180231963,-6.487615667955143
79.35,-41.338930905760535,-8.356775589437737,-2.496775922568101
79.375,-40.93842392907505,-7.973784195756582,0.5748790806356869
79.4,-39.76304943787052,-7.924627575847083,2.1266205749907328
79.425,-37.74597951876539,-8.328350374227506,1.9766499819996897
79.45,-34.90348699331549,-8.890286786952965,0.9495588091091727
79.475,-31.5246236934823,-9.141569249568732,0.6813633445789443
79.5,-28.444844605997385,-9.275363210798613,0.8398936995406229
79.525,-26.52121974571443,-10.092241284868289,-1.0077595943521265
79.55,-25.902832900853163,-10.992573123790914,-3.2272963131052825
79.575,-26.5584054485288,-10.687749091203223,-2.162101763770741
79.6,-27.862922810567813,-9.854889893359001,1.1922815751661888
79.625,-29.416268281838438,-10.378467592771216,4.050609262784307
79.65,-31.05814990076207,-11.821820430153904,6.0255019877867
79.675,-32.233309213921494,-12.437114551647412,7.369836463617587
79.7,-32.24419229693467,-11.494130501204195,7.2753682485095075
79.725,-30.165594691691393,-9.46489834159713,6.0107989288789305
79.75,-26.786696064072473,-7.299556448022521,4.382053605394165
79.775,-24.341388265222342,-5.336693490065752,3.257045130522497
79.8,-23.490296269501044,-3.28825026717837,3.7807765011733365
79.825,-23.00992035450023,-1.4367406864700554,6.454344243910998
79.85,-22.44526607550635,-0.20416065636950492,10.761511330113365
79.875,-21.978453957394564,0.13532916349527566,15.35373160743386
79.9,-21.053347375545016,-0.3119420279335933,18.7781475160951
79.925,-19.583910345162806,-1.1186448275217031,20.094782640808678
79.95,-19.25188800318704,-1.8327274942894163,19.184465976484987
79.975,-22.11358230770144,-2.1085255047993336,16.312225392499535
80.0,-27.316887213835816,-1.8459627505241205,11.508973138833598
80.025,-32.14462377985647,-1.0926615596658784,5.691202837532702
80.05,-36.161216632096846,0.40812505483731365,1.4424605122407341
80.075,-40.65814375656682,2.5552560515495357,0.4588066318705124
80.1,-46.12597798085132,4.697489799574634,2.3742211964368147
80.125,-51.99536716870375,6.164678897375333,6.287455600693226
80.15,-57.64412603089,6.422526277290811,10.495245003452267
80.175,-63.09114365173362,6.109802089364526,13.612586530236143
80.2,-68.32930028923636,6.5305223267337,15.382678561792215
80.225,-73.29626536816464,7.925883457059684,15.569203075256938
80.25,-78.39796026848747,9.840500533041208,14.183782730215956
80.275,-83.5797818240548,11.940358061923527,11.93136610274744
80.3,-87.95207478320046,13.990938555365174,9.479808359800378
80.325,-90.90407506682412,15.92815782963318,7.0227400068286565
80.35,-92.35422450179533,17.63869976836397,4.620440373618311
80.375,-92.86300406915456,19.31777454510725,2.7425475421088397
80.4,-93.40336680733292,21.460251400395308,2.089512044659989
80.425,-94.85847257297047,23.89719157189295,2.818599172189835
80.45,-97.81802295466545,26.034010829033594,4.3502325464563425
80.475,-102.34344741165172,28.086354124676436,6.025214285590822
80.5,-107.69632576013522,30.424532768683875,7.3563411732359665
80.525,-112.44228820322428,32.57981707225882,7.671887970245382
80.55,-115.03340794014133,33.9798138277149,6.760037530753828
80.575,-114.52464110468223,33.949591139562905,5.24079952520746
80.6,-110.97955518408055,31.851840398467463,4.074714672741053
80.625,-105.61883353999269,28.443653493299323,3.872159691065246
80.65,-99.7631150130714,25.760926655383003,3.98472367198213
80.675,-94.29957333246658,24.87362231168643,3.3320933916434923
80.7,-89.50418184687915,25.124222550260743,1.2306414113302397
80.725,-84.56220654824683,25.234579598473854,-2.3152969304918694
80.75,-79.0540258139733,23.940914835630384,-5.984766583891368
80.775,-73.70855986203313,20.31668573581531,-8.285621146220505
80.8,-69.24367579817601,15.20767564186641,-8.86665385243378
80.825,-66.02218785503634,10.747305381954233,-7.988472063196005
80.85,-63.96363609032757,7.513027522395942,-6.689092537421958
80.875,-62.50701344162582,4.629561324402672,-7.115113781119814
80.9,-61.10169709340328,2.658405216801499,-9.947289584065135
80.925,-59.50598524170221,2.5193912047907405,-13.599086732673419
80.95,-57.8960214015619,3.2898005572381104,-16.66732553007483
80.975,-56.90611873581365,3.748814264036763,-18.91751582977077
81.0,-56.86519361640833,3.3110899126875593,-20.48528855777728
81.025,-57.149645731628794,1.7867140297036104,-21.11530136653174
81.05,-56.92117490364953,-0.5448406252239106,-20.736586019401585
81.075,-56.26586463715613,-3.1007488501624247,-19.604408311587264
81.1,-55.99066026218279,-5.247623454269694,-17.836687369290047
81.125,-56.5232643726148,-6.4347286079879265,-15.999524645831368
81.15,-57.36441145701018,-6.634885138699457,-14.933531253357483
81.175,-58.13965549161122,-6.49368325434938,-14.74407658188648
81.2,-60.04402438284329,-7.2051605781346835,-15.549472143097333
81.225,-64.21307523154782,-9.122360919685496,-17.96010150420059
81.25,-69.47608820224349,-11.580487954383049,-21.7197600387916
81.275,-73.76467694452938,-14.749016618146621,-25.057911040361212
81.3,-76.63575395320314,-18.722681269660185,-26.136414080836005
81.325,-79.01359003720363,-22.09887203525884,-24.88164409083356
81.35,-80.85932513569303,-23.062951161840264,-22.757966239339158
81.375,-81.57550396276955,-21.113447678213475,-21.012624439644288
81.4,-81.06289358805822,-17.30075268643425,-19.826312638844858
81.425,-79.57625552095047,-12.570260293074506,-18.754133429785824
81.45,-77.62236303368877,-7.448986029055651,-17.345516236068455
81.475,-75.70568124426802,-2.2295330265645164,-15.442159833491303
81.5,-74.08668821685036,2.2932317360004735,-13.970729116290977
81.525,-74.00886800443722,4.4163880684850785,-14.547401223023469
81.55,-77.10807778068826,3.21288139088342,-17.974455103385857
81.575,-82.92524149184821,0.2956523067759056,-21.791139763446743
81.6,-87.60477580321596,-0.9011595989363408,-20.592274345670592
81.625,-89.36796555600397,1.0637085782061395,-15.38332521012073
81.65,-89.31031019136127,4.840705576716115,-12.694350981283998
81.675,-88.00725932775347,8.973765416963865,-14.502391700069744
81.7,-86.26840394579624,12.660751325837714,-18.809609043081906
81.725,-85.47722453667383,16.16359998469599,-23.285967071355255
81.75,-85.91669514797792,19.050133289310516,-26.1232581021941
81.775,-86.99967418079348,20.66553448374169,-26.345065344479703
81.8,-88.46807565062561,22.09250968896841,-24.4607299688588
81.825,-89.87097123848645,24.503268616616495,-21.732090208716837
81.85,-90.82987318015266,27.218619587041246,-19.053176188542157
81.875,-91.46746633276805,29.47064481836052,-16.984365973411823
81.9,-91.80941398285226,31.85460389208274,-15.700573543454814
81.925,-91.77905247894383,35.00448669714849,-14.787194150031429
81.95,-91.57175436169238,38.5329344482543,-13.596676475643717
81.975,-91.4839206904542,41.66899274412214,-11.860685220663967
82.0,-91.45551790456142,43.98781885419887,-9.688220058315844
82.025,-91.47345200151916,45.51043195714002,-7.147125079012126
82.05,-91.84954025817908,46.54000651326857,-4.235180991268863
82.075,-92.68393387479782,47.41281619394523,-1.1635959141429175
82.1,-93.70223470887767,48.39138021648785,1.533772512863327
82.125,-94.43197031911642,49.44594021643538,3.3222191363332496
82.15,-94.46617222409434,50.23855192329719,4.003987897630397
82.175,-93.86754715861626,50.56714540576951,3.7482612666499304
82.2,-93.10095318357001,50.57459316621242,3.0199835002990105
82.225,-92.5169881154748,50.44594126284264,2.322506999747723
82.25,-92.13241511418573,50.05897313698685,1.8771537415057202
82.275,-91.88732200852839,49.1597922429044,1.5824725505893804
82.3,-91.72939199410655,47.84046046840192,1.2995378064968874
82.325,-91.49590681040523,46.433471775518555,0.9496004895394243
82.35,-90.9832708962307,44.94136420723425,0.49234856827012446
82.375,-90.22692824129524,43.33104075262662,-0.1343445336044692
82.4,-89.41345137765708,41.80674269204781,-1.0250765997606617
82.425,-88.6252054845559,40.31295777462451,-2.1300158438854315
82.45,-87.7631225519155,38.51369214553693,-3.163428828066864
82.475,-86.5800960191969,36.08436935512409,-3.9191761775883496
82.5,-85.16687331598933,33.14239944639452,-4.319310272617087
82.525,-83.72379413355796,30.179845069346005,-4.360003974947343
82.55,-82.07158603855655,27.81244052208446,-4.19783063520079
82.575,-79.98317823439461,26.592593745614913,-4.23317155980743
82.6,-77.49008282457835,26.928162090138795,-4.701451961809336
82.625,-74.84293987645674,28.66389176461413,-5.413028633115039
82.65,-72.39567363679589,30.814981387473555,-5.840163879315933
82.675,-70.54068875347124,32.51656486904154,-5.333116385705934
82.7,-69.54731835234557,33.69558859895653,-3.703713042161054
82.725,-69.31149108270442,34.72509087803937,-1.3800711215581865
82.75,-69.38487515043187,35.9897757940689,1.00307427701819
82.775,-69.42781605850924,37.58577859464631,3.0019393110530985
82.8,-69.34492532455637,39.27572659382029,4.60443132032302
82.825,-68.99516361954522,40.783861565036666,5.936899111388188
82.85,-68.43157831496569,42.04894914232889,7.054125937609938
82.875,-67.89711753202543,43.03638136532752,8.012484869900614
82.9,-67.49696354423212,43.67382489371904,8.868669227207047
82.925,-67.25059012210254,43.992910791897366,9.67382293764592
82.95,-67.05499143368343,44.20526150874251,10.40526208533754
82.975,-66.94518277118605,44.45456817356098,10.922496376868816
83.0,-67.06907258088746,44.676364573199464,11.213974953991693
83.025,-67.6414374820828,44.83071528198059,11.525823461417161
83.05,-68.63218463364169,44.99562812478329,12.101753986493003
83.075,-69.61841360309856,45.22118756903974,12.926390111991774
83.1,-70.27182856925951,45.54116562052667,13.708715375618404
83.125,-70.60832138536317,45.9658457702612,14.240941460745821
83.15,-70.87321609510461,46.437467667817224,14.64906675410729
83.175,-71.3045816345222,46.913208563658344,15.170998136017346
83.2,-71.89519135968992,47.390330968923834,15.927938200878726
83.225,-72.43859671014332,47.83951806614295,16.7661354568864
83.25,-72.7770682179966,48.25011042591918,17.400650157405217
83.275,-72.8769682912803,48.6505620628228,17.7430566429735
83.3,-72.72628249663477,49.024439831501,17.862146228914288
83.325,-72.29753045000494,49.327537830205195,17.809807587356225
83.35,-71.59888325050552,49.56926582978229,17.61691891454626
83.375,-70.56958799263793,49.7450945635712,17.231716743761837
83.4,-69.32622696040319,49.61456094255612,16.30061950175383
83.425,-68.39209942963289,48.98369064395391,14.611852368345383
83.45,-68.28400943530555,47.80425811962624,12.438402861162938
83.475,-69.2021697181044,45.91254251055004,10.078245489221105
83.5,-70.92722085919839,43.22165335990548,7.5570936984699895
83.525,-72.54842101740093,39.74988667191067,4.859795560221478
83.55,-73.35011990006967,35.71081809395487,2.0638502509934353
83.575,-73.46304288313722,31.603129883605245,-0.7003088169095026
83.6,-73.20452874038183,27.977926840801288,-3.1281711752422714
83.625,-72.7395115444557,25.275149233544063,-4.854280654738803
83.65,-72.01927112402963,23.46529604970307,-5.718087466993446
83.675,-71.13028574725222,21.98926860552627,-5.7824247235852795
83.7,-70.5094119741097,20.48192183086976,-5.254980649024787
83.725,-70.42043825501332,18.932360091792805,-4.560854293834996
83.75,-70.76175329058103,17.347549458761947,-4.085856970574624
83.775,-71.20391779075932,15.630190015115371,-3.94328073543319
83.8,-71.45506415703352,13.874940138164964,-4.110891666324531
83.825,-71.54414068438994,12.645922147383075,-4.399491276035141
83.85,-71.60055781296907,12.218623613600892,-4.605770036001363
83.875,-71.68953702459815,12.368469649157154,-4.625758876316073
83.9,-71.82442045137465,13.186143534914724,-4.333319865224459
83.925,-71.92556554784666,15.003188807192819,-3.619103870215142
83.95,-71.8963331280228,17.76403470334863,-2.5263936923993677
83.975,-71.72685266388874,21.00575540009947,-1.1572167144656764
84.0,-71.47520091527123,23.984135572216974,0.3349008529531083
84.025,-71.17936219093669,26.030348140261587,1.8514488047295938
84.05,-70.98667727991004,26.833948922856244,3.3462636777570576
84.075,-71.09497392756143,26.662453230834426,4.909581022871892
84.1,-71.50965666966738,26.330547064000356,6.825942534053184
84.125,-72.08740077110087,26.48475846357179,9.307613707146572
84.15,-72.8479787452331,27.45374275776157,12.369030639910168
84.175,-73.66202735337042,29.515634915765325,15.69760023814665
84.2,-73.94575796405357,32.752713354440985,18.58123891334231
84.225,-73.22915487150502,36.70674991346946,20.411816196080128
84.25,-71.63369061627262,40.65791317875822,21.18854160792756
84.275,-69.69288919513374,43.90209807645344,21.362521743478315
84.3,-67.99105178649265,46.09929971508387,21.55739768533296
84.325,-66.70751631626926,47.320160887564434,22.06053586377975
84.35,-65.54256804780822,47.91790068475262,22.968137571260083
84.375,-64.21000757482248,48.14509005466132,24.674507105357385
84.4,-62.52316447872977,47.955123718604156,27.15988475372139
84.425,-60.2625166720939,47.488759085996605,29.43809093302608
84.45,-57.43057774983189,47.07158373441258,30.55783516947169
84.475,-54.340746758900714,46.530642380802675,30.65279920969703
84.5,-51.38234349648631,45.44691770814179,30.77466249691769
84.525,-48.90714851022447,43.79473661376292,31.952440371426437
84.55,-47.31234729057232,42.079743278676474,34.31900907314381
84.575,-46.796796003732936,40.76591428397992,37.53358411119759
84.6,-47.05611752114124,39.39267910430561,40.77940851773472
84.625,-48.04558422266116,37.78422733088203,43.987844114086094
84.65,-49.83145317974246,35.94339279768374,46.87181714256924
84.675,-52.066957899751515,33.80853750276152,48.249621304387496
84.7,-54.6121116431178,31.695741360103035,48.0801073870111
84.725,-57.07829580904467,29.783849029256825,46.78061393315157
84.75,-58.71334387900551,28.11747372269738,44.49374743356254
84.775,-58.86362850785396,26.40012487936768,40.8084000818028
84.8,-56.402719747682895,23.820896585859753,33.80864011825788
84.825,-51.48486687006109,20.277582854678393,22.416390980265025
84.85,-47.92887502193558,17.71059778494639,10.75112815488728
84.875,-47.70931466890302,16.95081831676556,3.178917112856907
84.9,-49.370936859381324,16.7471551021002,-0.49291106800828655
84.925,-51.70176630784465,16.001943697229766,-1.6564088579141132
84.95,-54.562096255662354,14.610454869563041,-1.195699625149451
84.975,-57.57481263790916,13.196953108965243,0.27448344578092293
85.0,-60.28401824839548,12.391892200880525,2.28488341745342
85.025,-62.723614758272845,12.119790156377789,4.32976705631283
85.05,-65.01043749867945,12.01137865910645,6.032415195432993
85.075,-66.89876370156601,12.05746202631632,7.287845255815271
85.1,-68.2625883859143,12.695390084441959,8.03790550622259
85.125,-69.40258769168847,14.317425418658715,8.20584787687332
85.15,-70.60612843233669,16.59924144360931,8.067215139804174
85.175,-72.16124756914762,18.500613697001477,8.091926796512205
85.2,-74.58705151631636,19.50938548366197,8.256697308241897
85.225,-78.45209408597114,19.914486904796558,8.471377735308865
85.25,-83.5408758351037,19.584895532310703,8.8516794309494
85.275,-88.7325619258829,17.825698668077525,9.664593632406266
85.3,-93.40898076295211,14.49699328441423,11.423891852630472
85.325,-97.83795247005182,10.205172283083208,13.967820873281052
85.35,-101.76217850539524,5.761352699315953,15.68719945732648
85.375,-104.56953613982603,1.6397001634408703,15.05506681642656
85.4,-106.34374896433002,-2.2192855763949426,12.740694308648743
85.425,-107.65620060393202,-5.8209173106720415,10.532805595802335
85.45,-108.83258307712813,-8.967817381760888,9.171076048828164
85.475,-110.10382697273798,-11.998433396983696,8.191546316970431
85.5,-111.52286286770656,-15.19903830258906,7.008220092597283
85.525,-112.7806501998062,-18.5242782180975,5.9010321122594815
85.55,-113.57419329238539,-21.66668058202729,5.2692611890456185
85.575,-113.91298037366309,-24.11698727305227,4.73503842730582
85.6,-114.03708468833982,-25.34745914520736,3.7620613294889345
85.625,-114.05194969749236,-25.0858944778378,2.3054792609056807
85.65,-113.9543174248967,-23.71911787881398,0.6452955840901503
85.675,-113.84475653122321,-22.27098390887061,-0.95775591700485
85.7,-113.73667288523046,-21.238979709463024,-2.2540820921040274
85.725,-113.5056618766501,-20.367575694663923,-2.972893034678003
85.75,-113.21668802607783,-19.4134001099805,-3.180123036982801
85.775,-113.09124402903565,-18.360492271077213,-3.183800818658805
85.8,-113.24754932979727,-17.21223386140189,-3.1528194065321915
85.825,-113.66871219562861,-16.253316227251233,-3.066220637428932
85.85,-114.29104184861208,-15.97222902827523,-2.7930737389774563
85.875,-115.00790967305069,-16.41381034620238,-2.1723259247687987
85.9,-115.66416320925411,-17.130181997338497,-1.1315394230568823
85.925,-116.08179375953497,-17.647382609804335,0.24948123209104048
85.95,-116.15111970342775,-17.828446822027086,1.7056609246932792
85.975,-115.83914406913996,-17.704308882727787,2.9413886645738145
86.0,-115.08755109629135,-17.079620105805958,3.8623597055091143
86.025,-113.85978708667801,-15.735832137221678,4.53613267102838
86.05,-112.22828301219702,-13.867460873209685,4.996201848073149
86.075,-110.26073836728409,-11.652061178357203,5.309268929368326
86.1,-107.78263695435422,-8.599333883163606,5.7384490184611
86.125,-104.47853954366491,-4.302216172148802,6.583044377973608
86.15,-100.70246786198874,0.7509174552368528,7.603884768229759
86.175,-97.3875103825482,5.522606728614387,8.351663703774593
86.2,-94.93448183655066,8.992757116294895,9.137720471041442
86.225,-93.12163487841254,11.166685829638133,10.400168451300132
86.25,-91.45830374384371,12.860867366274645,12.058878217732376
86.275,-89.49207174007509,14.820957203890615,13.627818274247705
86.3,-87.12509263408147,16.900294843805458,14.568684276571824
86.325,-84.45985503303461,18.314175863365556,14.74350363449565
86.35,-81.39017677970119,18.532589920711477,14.454044390807201
86.375,-78.05819675574433,17.664684221861627,14.198122667087105
86.4,-75.08003597666502,16.255581121880525,14.145410143900254
86.425,-72.73999839193412,15.062099755695883,13.926463573975107
86.45,-70.82876591155544,14.752078987887504,13.53324963434277
86.475,-69.050504313809,15.512401900631199,13.463885299463389
86.5,-67.08029165323698,16.61819146215379,13.622685614187985
86.525,-64.56652509863056,17.18938647007051,13.72707024560042
86.55,-61.83734715259856,17.137301493313647,13.840429948500041
86.575,-59.554964555196946,16.741628892820973,14.029004310158651
86.6,-57.99112813604483,16.409097308694395,14.289223845667971
86.625,-56.991576510933456,16.43246581087579,14.597388726415991
86.65,-56.20653282310132,16.760971932177267,14.930714624785333
86.675,-55.54994639374449,17.411657366609894,15.29287667668612
86.7,-55.10426591104888,18.414679768908822,15.682056917826484
86.725,-54.88386335663153,19.580288505466104,16.03875805955607
86.75,-54.8009179251431,20.696174941166884,16.335711791926027
86.775,-54.86864315990205,21.69002313582778,16.61707693471714
86.8,-55.074642313880595,22.579246187452224,16.83134750210293
86.825,-55.17603514779156,23.33488940185535,16.832774502270667
86.85,-55.06733555614155,24.100599003969318,16.564148581463993
86.875,-54.873229503645554,24.902889659036344,15.9593032610742
86.9,-54.776446775873566,25.3330751424261,14.965147453755701
86.925,-54.95417710106816,25.117873708753763,13.798340234842465
86.95,-55.40746911786428,24.32193160248663,12.719499034530973
86.975,-55.945379031877344,22.886709451179208,11.826024391875881
87.0,-56.44231062114548,20.62653433919871,11.239279352231325
87.025,-57.05947255714507,17.847165152417844,11.205655705026963
87.05,-58.13962975496906,15.23742894188271,11.705838138755013
87.075,-59.75901454808591,12.955354101671713,12.13830683937443
87.1,-61.85397197293852,10.891288046949,12.025669897767333
87.125,-64.47463607433542,9.03252875406581,11.452572634843918
87.15,-67.78651579022697,7.385057733063169,10.688249289977838
87.175,-71.96110428732733,5.848283441750324,9.707592923505524
87.2,-76.84507197604074,4.415586220596037,8.563773969736445
87.225,-81.66519922880265,3.3358686844488634,7.4452447578270435
87.25,-86.03271437302314,2.7426221522230416,6.438144128819907
87.275,-90.30973442239934,1.58533574227929,5.111857577747785
87.3,-95.56815682430393,-2.187037213850552,2.4122715323729014
87.325,-102.38348610760747,-9.517157353813577,-2.0981223710637322
87.35,-109.61133433415478,-19.88464643901564,-7.388201086769266
87.375,-114.96252577100023,-31.633007659649756,-11.882013344156734
87.4,-117.24758755060998,-42.60521331962494,-14.263671584146618
87.425,-117.49501813719691,-49.32688829756461,-14.645872389724245
87.45,-117.30660842507888,-51.80832545012583,-14.951483275476484
87.475,-116.97667836607143,-51.26150788010732,-16.496558304149957
87.5,-116.45172167558624,-49.309206950224656,-19.0031758293301
87.525,-116.2028881523896,-48.776047371842594,-21.171171831852448
87.55,-116.45879800308073,-51.39236769473285,-21.80950485359526
87.575,-116.79365655134751,-55.779732474695365,-21.447943315465825
87.6,-116.61033539071717,-59.32029611738957,-21.89299033846043
87.625,-115.60885430234951,-60.029719323965246,-24.035794830590223
87.65,-113.95967743586074,-57.386018052365486,-27.222054940897806
87.675,-112.10640677555334,-52.57084042444338,-30.14276251075233
87.7,-110.17905481575475,-47.35244108742211,-31.837719336630332
87.725,-107.80025968070589,-43.27075348687527,-31.95950677243885
87.75,-104.83199324201627,-40.99521247327487,-30.681856750063886
87.775,-101.27024039762125,-40.120092895362376,-28.426501281768406
87.8,-97.21491426179783,-39.795946962659826,-26.270170381273918
87.825,-92.98059591063814,-39.11488068963946,-25.46062025367298
87.85,-88.7258279954592,-37.39570123059144,-25.97997814391821
87.875,-84.18941221745085,-34.69139598441837,-26.945339067561346
87.9,-79.00927480333003,-31.156558971933446,-27.577870913109663
87.925,-72.53959431507147,-27.208428798881204,-26.52252192788663
87.95,-64.62945529968003,-23.945974584294586,-22.925504441293704
87.975,-56.723703273983865,-21.827291552930838,-17.44265216283619
88.0,-50.38949347931595,-20.377335613920536,-11.729065985985477
88.025,-45.64863804545751,-18.763346313675306,-7.29542893944708
88.05,-41.92402876807511,-16.847271045890263,-4.591164959129426
88.075,-39.22225454733696,-14.647875451594523,-3.393438776035088
88.1,-37.38294773209774,-12.296463271626132,-3.0053919307437784
88.125,-35.60062270091888,-10.136654080068835,-2.6820617115116776
88.15,-33.38269284222087,-8.344262645564188,-2.0685119730819994
88.175,-31.25023650975797,-6.593744664508499,-1.2196103433003898
88.2,-29.781586940747477,-4.546264248879158,-0.46158247840617084
88.225,-28.843768539397125,-2.222610188331184,0.0038856577155195826
88.25,-28.2225954646618,0.0688926975831899,0.3055906932289516
88.275,-28.211840558477494,1.869219673802493,0.5532956356838188
88.3,-29.386863748768636,2.925570858316248,0.8799859380558246
88.325,-31.424412200424488,3.3032401879028015,1.5159650871961843
88.35,-31.759457406483985,2.235790027771753,1.2831075711053348
88.375,-29.862400984935167,-0.12660319366279651,-0.6078232777216772
88.4,-32.08469232344293,-0.2147923670063511,0.23640893447932146
88.425,-37.408469192184064,0.06463239147018349,3.286280822644323
88.45,-41.067681193209374,-2.4294460189680662,5.066054682416855
88.475,-43.677425246806735,-6.075853760658003,6.1319861295873315
88.5,-44.74255754057619,-8.647311532132473,7.08952135728478
88.525,-43.911074778255426,-9.25320980465738,7.48974884390717
88.55,-41.411250966246314,-8.110475337543429,7.052268312162803
88.575,-37.81635346569057,-6.4888580354083745,5.979742055751732
88.6,-34.23728838104862,-5.747770784205798,4.808313920440223
88.625,-31.5111233389063,-6.0091066678351925,3.9055482575392766
88.65,-29.55212235379764,-6.608868841431198,3.166032353739223
88.675,-27.792478292674332,-7.236605655980009,2.457428655144304
88.7,-25.789054787637557,-8.26587329386887,2.133432880831443
88.725,-23.972832554214996,-10.023168181563838,2.355444291816505
88.75,-22.78538112077197,-12.194525379296737,2.6553090298742084
88.775,-21.894087479924067,-14.254820169608545,2.5697485525315034
88.8,-20.98733273691358,-15.823308027227615,2.3946948145096556
88.825,-19.91215615878639,-16.850754116942657,2.401146693418834
88.85,-18.42600938697071,-17.487111948838383,2.2179832683121465
88.875,-16.6360133917781,-17.797039899680605,2.0384746282038404
88.9,-14.948304988771689,-18.02907071072951,2.4247131612270034
88.925,-13.569645593405717,-18.45772719358676,3.4769246509493454
88.95,-12.500558716689447,-18.923019218642057,4.852948958315103
88.975,-11.68456728132802,-18.971602046864007,6.13344055714249
89.0,-11.147521844153804,-18.372013021072586,6.927108339242102
89.025,-10.652455529515441,-17.198282031821886,6.978303932901034
89.05,-9.95252550120934,-15.58500286215585,6.2953645816455746
89.075,-9.355368268895289,-13.682893876515305,5.0747845350536
89.1,-9.427869730389395,-11.770138093240073,3.8013267377844495
89.125,-10.373618913727926,-10.103039656068008,3.136763720075
89.15,-12.125798281425197,-8.850891357522661,2.9450920349988485
89.175,-14.324647235589932,-8.050785973550694,2.2354910011488283
89.2,-16.17319080169481,-7.530240709212481,0.7817090354691543
89.225,-18.1128776670989,-6.583261731111125,-0.5476159772561533
89.25,-20.325327065294253,-5.011823147436771,-0.9695509658260576
89.275,-22.297992683458226,-3.837229677293835,-0.29141604442893637
89.3,-24.108447103759485,-3.821443684880125,1.207499963116187
89.325,-25.859154248708464,-4.68529227341288,3.0949147968110338
89.35,-27.799208839944985,-6.191065226057112,4.894239015142815
89.375,-30.314627052119054,-8.42320981039556,6.40315538379687
89.4,-32.88843797906343,-11.354261637144868,7.429432148573661
89.425,-35.47445646149375,-14.045782450326195,7.058541773713253
89.45,-38.51507911385638,-15.377565992994333,4.956341540950276
89.475,-40.895653854538025,-15.636140338721484,2.34965236444419
89.5,-41.172542658714654,-15.442045748582187,0.10017033085359471
89.525,-40.05765904280139,-14.671021767244133,-1.4704982773394275
89.55,-39.32482393138648,-13.11092875920942,-2.282714447148338
89.575,-39.345655084610584,-10.967525888167632,-2.6505015596638652
89.6,-39.42603426486915,-8.739778348051674,-2.796019652596513
89.625,-38.99293065262896,-6.905164224026703,-2.6309618627677938
89.65,-38.01533101594506,-5.626505005968151,-2.237637898461679
89.675,-36.67213256117562,-4.791684724195265,-1.9219947035908889
89.7,-35.12491661207174,-4.206814147491917,-1.7383018455871764
89.725,-33.548135135021525,-3.7938013462249227,-1.5098217208254492
89.75,-31.92456181009152,-3.6178139769832303,-1.0903375978837726
89.775,-30.5057913638653,-3.782957103322517,-0.47194298404814056
89.8,-30.32957943738166,-4.343826955313941,-0.54260534518799
89.825,-31.175036350385867,-5.112034666610272,-2.1799703650474798
89.85,-32.15522223805327,-5.274641105988288,-4.205547449081331
89.875,-33.391208804086304,-4.92718697582888,-5.325768742889487
89.9,-34.61008384913513,-5.545144360234607,-5.4457308058818485
89.925,-34.83183677946811,-7.727139501809011,-5.517051135761687
89.95,-33.719109183003866,-10.266339952260022,-6.658142495213687
89.975,-31.567784308165354,-11.893904177888473,-9.045358768029343
90.0,-28.53047884942139,-13.54872182717491,-12.550726665043653
90.025,-25.19002003960843,-15.906392527688471,-16.46086193407523
90.05,-22.052910036837876,-18.254149081868633,-19.926256338279845
90.075,-18.398882304981104,-20.243063361024507,-22.73953837628194
90.1,-13.571427573589151,-21.936567018908274,-24.310248400631686
90.125,-9.54917768172382,-23.223713736012773,-24.42867742981459
90.15,-8.310649968600181,-23.43323797400921,-23.844423054317915
90.175,-8.799202909098112,-22.386930272536066,-24.12147244601001
90.2,-8.219453282502638,-21.221187256788788,-25.81026218168766
90.225,-6.153669231939694,-20.731079963536406,-27.5099777131101
90.25,-4.293755728697505,-20.374337730118004,-28.559252257685785
90.275,-3.5250544632171583,-19.566545165053647,-29.315176780050155
90.3,-3.3262644777380395,-18.335849149575754,-29.0542698416787
90.325,-3.1520549610763355,-17.00447050020247,-26.978021690487626
90.35,-2.7193307522557197,-15.919305139795252,-23.8642434506856
90.375,-2.3424578988304625,-14.935465173447282,-20.83370338434737
90.4,-2.7753429098472546,-13.898111519428475,-18.450886475885362
90.425,-3.865920018847793,-12.777542077871976,-16.324501870792044
90.45,-4.909174575302686,-11.721691672900395,-13.610727279673803
90.475,-5.549748425058324,-11.018474014520073,-9.966776618283852
90.5,-5.834051736070258,-10.694699176607891,-5.886155876566951
90.525,-5.908356326727775,-10.602966038894165,-2.220219543242578
90.55,-5.843854848615533,-10.721865139088656,0.29767453823886203
90.575,-5.7607876936510145,-10.802859352208705,1.1690345941652116
90.6,-5.55567626483743,-10.550677621323674,0.8578874490675329
90.625,-5.146178362100166,-10.388676698733843,0.9151338241179177
90.65,-5.309860635419924,-10.637633697661443,2.2213848888547227
90.675,-6.435702044046341,-11.102419256604364,4.286426048386985
90.7,-7.937054478727149,-11.597722881367023,6.1543266757699655
90.725,-9.114653756183905,-11.874202026845943,6.824901785825525
90.75,-9.69429517316045,-11.77354952334228,5.998051268580241
90.775,-10.286340950420318,-11.560296543856571,4.218059683751126
90.8,-11.530879300894966,-11.444744083083183,2.1672676841882024
90.825,-13.182045215627406,-11.518680165157646,0.15516862337218423
90.85,-14.951692319424522,-11.572035916768506,-1.7168375804312848
90.875,-16.87132067653425,-11.432810650407266,-3.480047362927684
90.9,-19.02095635689865,-11.157621959676773,-5.343486583513452
90.925,-21.222877926080592,-10.424218149341302,-7.111187514143166
90.95,-23.162183352268507,-9.003697920269818,-8.26256493494768
90.975,-25.24954706297091,-6.8897642498848395,-8.13190017801098
91.0,-28.048689563937227,-3.8167294057178713,-6.05228250033555
91.025,-31.37243067573427,-0.11276148165896872,-2.139316064535117
91.05,-34.50954839200709,3.0096507843850304,2.9573464895661026
91.075,-37.11507739638189,4.866289089572611,8.712761036987285
91.1,-39.37520322819368,5.413000457963359,13.76213522020674
91.125,-40.666924539386144,4.7290079713798905,16.27620578972982
91.15,-39.691319963199966,3.805392185346314,15.814576300175972
91.175,-36.34632030511973,4.201372286365157,13.692019943896048
91.2,-32.0944553220117,6.325816010993303,10.987016766007763
91.225,-27.87563769595388,8.848863650210303,8.241737139265862
91.25,-23.91103773399793,10.383832273221635,6.139170167416153
91.275,-20.147936603864455,10.322075677122983,5.252157562532761
91.3,-16.369575977647422,8.966250516485472,5.314401812186091
91.325,-12.622732804930438,6.788784356948988,5.727265954869972
91.35,-9.547313804703416,4.142239804627859,6.079648167385795
91.375,-7.636490023884261,1.8257753282167142,6.243576793236198
91.4,-6.8893614340233595,0.674644031186847,6.2057501338132735
91.425,-6.900644529190115,0.44849387242645844,6.117110748987236
91.45,-7.039411345130121,0.3048844298886688,6.479710126904065
91.475,-7.204698331766247,-0.2385363787881121,7.43510005793175
91.5,-7.4353822711853494,-1.1737151759598519,8.43981272228825
91.525,-7.447532431662352,-2.5116714268389657,9.200399158495138
91.55,-7.138807806864245,-4.213458892646328,9.610179635327997
91.575,-6.64056937465038,-5.951213976376964,9.160276663705586
91.6,-6.262496202928608,-7.230415581908022,7.485494835401705
91.625,-6.181968826622,-7.864102449902845,5.28355545299237
91.65,-6.202675274383919,-8.283942596182627,3.8381407432649737
91.675,-6.051504708501235,-9.047340944807456,3.65268536416007
91.7,-5.701839587980144,-10.219290368401102,4.1119107866314035
91.725,-5.313410420216937,-11.483581724392867,4.510469451639398
91.75,-4.885032548801852,-12.75624133876558,4.5861014854016355
91.775,-4.282458057447945,-14.161824790957636,4.13323973497523
91.8,-3.3318838682125085,-15.630175213842822,3.230147327337926
91.825,-2.0216189150286383,-17.01817204069929,2.220723101767197
91.85,-0.7266239281343506,-17.926807774663526,1.2585473175901973
91.875,0.16238048043199443,-17.763770297487227,0.5551926496979447
91.9,0.32220363193549817,-16.327706245309695,0.11736165910166706
91.925,-0.5414009769581296,-13.909004416529804,-0.3210302150631685
91.95,-2.734662411538309,-10.844211081347659,-0.6375202975457869
91.975,-6.481729419309434,-7.311138640921437,-0.8654558454968829
92.0,-11.287954703658254,-3.331175007583589,-1.5446339906144104
92.025,-16.25128573815856,1.1470957498959264,-2.715950393514469
92.05,-21.29970984712538,5.789128353752441,-3.3770800035861877
92.075,-26.88845659081725,9.405012959419242,-2.332948581573093
92.1,-32.36717559316637,10.377946964394862,0.8108829313709742
92.125,-37.48506277800207,8.445054296472758,5.889777548201739
92.15,-42.6722394316361,4.838673876220765,11.908192955082832
92.175,-46.46887755222094,0.9688795841805682,17.143987791875894
92.2,-47.15727659258472,-1.914820651278028,20.015136770633205
92.225,-45.17776179208912,-2.7787697173737587,19.32935028371936
92.25,-41.858650042134315,-1.7195549357540842,15.52502188228774
92.275,-38.104824868230764,0.23715119474353005,10.716753614985121
92.3,-34.40993379921719,2.0751641996878374,6.472280577230281
92.325,-30.994139350362662,3.1088684993065177,3.0852160632847054
92.35,-27.827137845941422,3.110027422525962,0.5549315200298385
92.375,-25.044739972823063,2.280650854302753,-0.9641845229988794
92.4,-23.141067715753934,0.9918047343076811,-1.2115334884051074
92.425,-22.50572348767821,-0.4141918473412782,-0.19669319543454164
92.45,-22.913944573866,-1.9635928761600967,1.7857153384968036
92.475,-23.566436632699915,-3.8259401510289046,4.044528169121479
92.5,-23.775957497901576,-5.69960107577504,5.865355274411031
92.525,-23.588669931549305,-7.174980639171132,7.035234934826218
92.55,-23.238607207785098,-8.232202963669101,7.670824383265434
92.575,-22.61611764958802,-9.183265486809276,7.641683142366444
92.6,-21.54860305734978,-10.085581481689136,6.8454487012548695
92.625,-20.23150194296624,-10.67866572195998,5.42909682358797
92.65,-18.82861205358036,-11.073844730930452,3.4654242199643575
92.675,-17.140117013951677,-11.79642396753733,1.225500360071441
92.7,-15.160383702262287,-12.951596220500518,-0.6505409435729843
92.725,-13.146994237612766,-14.066831534234895,-1.6214211463980985
92.75,-11.195838561763031,-14.7491239714836,-1.8593606386966763
92.775,-9.029455553795785,-14.880366211334414,-2.1799097571700328
92.8,-6.276141535302264,-14.364662220500547,-2.8436578471727563
92.825,-3.512206650607681,-13.04305697313486,-3.615436264046133
92.85,-2.1790964270984197,-10.940490556595178,-4.564487613016253
92.875,-3.0965630970246547,-8.150577664227036,-5.831491957527736
92.9,-5.756185399475416,-4.9082323574862,-7.313532432091244
92.925,-8.796415027596032,-1.505901275016705,-8.211972514003872
92.95,-11.752058752120387,1.9488352477934043,-7.4389745747915486
92.975,-15.51931473942762,5.140207637996186,-4.584085495906106
93.0,-20.63238882916069,7.187437217312248,0.0769476556844447
93.025,-25.944238437011997,7.131703602092235,6.040856275592186
93.05,-30.94893939327313,5.432449199235074,12.37821799337758
93.075,-36.04569515206886,3.5076827595477527,17.555680920923468
93.1,-40.127611522543305,2.136193252329012,20.502411356148084
93.125,-41.54623972723128,1.5598174440363313,21.091977146204815
93.15,-40.42593192618016,1.7636322585872801,19.256825011946578
93.175,-38.03731958706514,2.4950848476226803,15.62795519513056
93.2,-35.42576055593537,3.36125856192623,11.4646426340911
93.225,-32.98544431229754,4.0170851243855905,7.662878247366567
93.25,-30.65157852744389,4.312785550590032,4.800042559134471
93.275,-28.279360930479037,4.059820785016965,3.134801523812328
93.3,-26.166424739201606,3.163777161007094,2.647984004678516
93.325,-24.60164955664405,1.8751270091085726,3.1488631274859795
93.35,-23.52971423329616,0.5179394975754076,4.367962018582965
93.375,-22.85301796814362,-0.7743835278371987,6.050621322906981
93.4,-22.424690742480763,-2.0187525318879835,7.851382361256297
93.425,-21.865377979277778,-3.160826321845262,9.247912848916648
93.45,-20.9640087754077,-4.103926995857621,9.772615187509832
93.475,-19.98386289543186,-4.832316620952359,9.345714209696348
93.5,-19.224850246693855,-5.401341720020324,8.17273762241033
93.525,-18.654408055206314,-5.889861862494016,6.551777283917797
93.55,-18.020332610382766,-6.3839783506818835,4.880185515407377
93.575,-17.13350892222957,-6.99507053468259,3.48877943096594
93.6,-15.856567239135513,-7.738082159911177,2.555887128674589
93.625,-14.152270406007675,-8.551514972958968,2.06071506264028
93.65,-12.278217815243071,-9.279371947026277,1.8433836757775728
93.675,-10.59154263050358,-9.604808245067185,1.5907351731503292
93.7,-9.204815239537634,-9.282499382935944,1.1193378571123356
93.725,-8.069485656569077,-8.399210340116431,0.6543336994789184
93.75,-7.292792203519104,-7.3709461893094765,0.42057019620688607
93.775,-7.16954971170133,-6.418313319669023,0.2589921759963785
93.8,-8.052448259965304,-5.336866775964743,-0.09580149260553636
93.825,-10.013496688804373,-4.031107515180127,-0.5831102842412232
93.85,-12.615447335113862,-2.5508164656451853,-0.8706221072808649
93.875,-15.091534618172258,-0.822524673110804,-0.5142207077296478
93.9,-16.994652662897238,1.0602676478862454,1.3730676143426372
93.925,-18.65595965317786,2.683209106303324,5.258559332716761
93.95,-20.46984566110093,3.4910757485662276,10.431667284251821
93.975,-22.67912872975415,3.3584277847383897,15.401994538450035
94.0,-24.9018615544227,2.530584957318517,19.105355421614544
94.025,-26.22005969371646,1.5319117175758268,20.910745533255785
94.05,-26.051712417059075,0.9452785871455107,20.141525952670044
94.075,-24.621832010342057,1.0034314553697457,17.082521321413115
94.1,-22.450287553588783,1.3884889830585645,13.007987999434025
94.125,-20.123793212041583,1.5297880682165548,8.958067234703899
94.15,-18.157182892601462,1.2178669834148623,5.3625325514275595
94.175,-16.925906736744206,0.862820483853736,2.3705125428772544
94.2,-16.529918781015148,0.9621946518897047,0.05443894233940251
94.225,-16.416811569849166,1.3121096882769503,-0.9610765848817463
94.25,-16.23461264728499,1.4304338249589044,0.4253184847760522
94.275,-17.05879611558173,1.2655884526648067,2.7648163807614443
94.3,-19.494716039359478,0.37211181834594736,4.233428555648759
94.325,-23.033757566056956,-1.0188036186361402,4.432048598904805
94.35,-26.685699803286674,-2.102513742757169,4.056889796866969
94.375,-30.489133504664398,-2.073180788036545,3.51219471159458
94.4,-34.93217360220788,-0.7414348925525909,2.518458755359609
94.425,-39.55936101339059,1.3825492629763354,0.8323208865067975
94.45,-43.8369986854508,3.4448471166345773,-1.0813269821602147
94.475,-48.12074550558843,5.11980363996317,-2.215241833127295
94.5,-52.63469202614535,6.553085028221505,-2.4530345933224593
94.525,-56.5529585313896,7.629576606798081,-2.6006040099843597
94.55,-58.98194556938879,8.292689420662592,-3.009697024963558
94.575,-59.771826907728844,8.712916801737727,-3.3858472463165903
94.6,-59.808200889801455,8.95644614459537,-3.3074668709782866
94.625,-60.02164297864349,8.957472502971171,-2.8084661183480475
94.65,-60.75886695761289,8.467300094026145,-2.0748343037419006
94.675,-62.687020807917136,7.639390528624756,-1.0843495339199523
94.7,-66.37346962686271,6.771334647749676,-0.02599825652127609
94.725,-70.7397137362641,6.125486363244454,0.9471180103086068
94.75,-73.9855706678854,6.114403252001176,1.6395505050522527
94.775,-75.54751230364032,7.247853489695816,1.727740374057229
94.8,-76.21998745196667,9.69263051797808,1.041712296893648
94.825,-76.70711792467768,12.866971510674382,-0.2573008131510604
94.85,-77.01104797933765,16.039288423954034,-1.8025341986132457
94.875,-77.02479477888248,19.073294510266273,-3.049861216841094
94.9,-77.10073712574598,22.153080548091225,-3.5308598955854023
94.925,-77.68416261676036,25.31741415158613,-3.343877439275379
94.95,-78.92638297742619,28.37748738069559,-3.0769170642070214
94.975,-80.54873209020747,30.95063579151733,-3.1393018887358823
95.0,-81.98944854530542,32.652878972848704,-3.501624832730417
95.025,-83.02276393533492,33.67562984288488,-3.9891439730833573
95.05,-83.70938155071087,34.69476345174066,-4.566115464691547
95.075,-84.13282061102998,35.95901114555524,-5.098202421855796
95.1,-84.39224327597593,37.26005167912863,-5.433115363015201
95.125,-84.65167249735511,38.182512152622564,-5.606822040093568
95.15,-85.05986293750301,38.53880296242224,-5.7766166724599035
95.175,-85.72035280693873,38.71418074496951,-6.062630911827498
95.2,-86.61956021262053,39.15389706982904,-6.373818978755986
95.225,-87.63603616960064,39.978489279175065,-6.499841530412396
95.25,-88.60791876149621,40.81657532494507,-6.228831555102333
95.275,-89.34698356862144,41.02676620313684,-5.508076617321847
95.3,-89.72126498486742,40.21009436087133,-4.489538138629208
95.325,-89.89800690680198,38.80172242953885,-3.34531255757731
95.35,-90.24250034431016,37.45182087318475,-2.0887238669940715
95.375,-90.95929164273166,36.18857934824632,-0.6949687118068811
95.4,-91.96328995396637,34.8655321279928,0.8061293729450136
95.425,-93.09760827074768,33.54270389875343,2.282065433316116
95.45,-94.31557714996617,32.3231203485023,3.5606194996027063
95.475,-95.43273219073718,31.039453040448613,4.5650701098365705
95.5,-96.19820899826172,29.647405016137302,5.273930481051279
95.525,-96.59320529456387,28.5682526769117,5.721622844429273
95.55,-96.78975292550476,28.145390851171474,6.001106625580308
95.575,-96.92849845148864,28.179746809911045,6.1972347523527
95.6,-97.05400827544177,28.187851726768862,6.311294739391748
95.625,-97.18384558484368,27.989431151543386,6.348826786241153
95.65,-97.32922032411109,27.749691724898174,6.371235669350085
95.675,-97.47928133425859,27.51367041536323,6.3993808909979775
95.7,-97.59617583416771,27.248998905584372,6.422248523273314
95.725,-97.62331844798781,27.057686455564568,6.413511248796167
95.75,-97.52251487967138,27.101188252629854,6.317227125420021
95.775,-97.3335227348406,27.428674586177006,6.143068045273349
95.8,-97.15743278506838,27.866942418593386,5.967770597603018
95.825,-97.0487120656385,28.220751365021545,5.849075983760143
95.85,-96.96624835974113,28.549554295544752,5.821440746428178
95.875,-96.85395751961678,28.987803853600127,5.849386546291396
95.9,-96.71082880590421,29.468599105807424,5.868287444065327
95.925,-96.54131450611166,29.83482170896219,5.806506208298539
95.95,-96.36219818945824,30.124454736653803,5.686370086116471
95.975,-96.17918143285277,30.483352345469054,5.596165203084156
96.0,-95.98880111437127,30.944395163330682,5.616276226332897
96.025,-95.8139115294648,31.41023476353079,5.714281482041074
96.05,-95.65281631906791,31.795959889471447,5.765036968752665
96.075,-95.47229306705006,32.17194182507384,5.707825190415394
96.1,-95.27605376526222,32.59889735652081,5.577132801138557
96.125,-95.12129801443376,32.98661285207474,5.424307735314904
96.15,-95.04113285810868,33.19832538811797,5.288003449200601
96.175,-94.99886713336015,33.199056222192084,5.132390858688994
96.2,-94.95028623227897,33.06479505523814,4.927649836760894
96.225,-94.93820613883955,32.95317089997017,4.757282609100763
96.25,-95.01742031003022,32.93259795648084,4.654578679339617
96.275,-95.14777473365089,32.96582139033739,4.543501678502941
96.3,-95.26582627858947,33.01412882513629,4.426874334440549
96.325,-95.37334076656735,33.09754424009047,4.3186876307182915
96.35,-95.50072981618024,33.18007127732629,4.196460212465478
96.375,-95.63837153070459,33.202511052929594,4.038685110115131
96.4,-95.78075789026337,33.12714903233857,3.8482164038872666
96.425,-95.97070126020168,32.94164636206769,3.666790161313895
96.45,-96.25479124881033,32.68639695120958,3.565455523212511
96.475,-96.62987301967286,32.3580578723865,3.5350047165693366
96.5,-97.07349712563233,31.876185492591205,3.502208387024539
96.525,-97.57494230429162,31.110250994291235,3.444403877237706
96.55,-98.14121712411523,29.90397917744019,3.3411064374430977
96.575,-98.78914398580963,28.272393132135164,3.161088071682005
96.6,-99.49173679158957,26.577705549685835,2.9898161931608613
96.625,-100.10842462211855,25.36414950575361,2.968517865193747
96.65,-100.48768262020674,25.15290157747654,3.0942924314764477
96.675,-100.54738558487487,26.29419738670062,3.3034064275327717
96.7,-100.28912661656159,28.454152681036756,3.456705179022885
96.725,-99.82669251196131,30.95074736726134,3.43701189053844
96.75,-99.28410480803969,33.13925860164377,3.046655213697128
96.775,-98.84408574901099,34.658133128822534,2.222324174964379
96.8,-98.67581353488853,35.45038956231424,1.3754834334988784
96.825,-98.88515088296022,35.542692332370606,0.955205904835042
96.85,-99.50373974221661,34.74145919458565,1.324779919798521
96.875,-100.5880925124876,32.5986737777651,2.820656371635655
96.9,-102.0862214863857,29.082422540778378,5.32390784878973
96.925,-103.63621137808559,25.055460584612977,8.271698659952504
96.95,-104.83944021739434,21.93352306547015,11.031302394350869
96.975,-105.43040801589264,20.911183730715354,13.114357948220203
97.0,-105.31168422386345,22.048014552335502,14.280613147863082
97.025,-104.61196210580597,24.44284635055731,14.576454315644893
97.05,-103.51833789993653,27.22716689089165,14.108424267309251
97.075,-102.21733029036552,30.035883870166206,12.942252522008422
97.1,-101.11287236689134,32.77634641826469,11.213129663114868
97.125,-100.4997845757875,35.2662552924484,9.354092945020362
97.15,-100.25860712934912,37.01200000224305,7.971092080244535
97.175,-100.12110461773698,37.46278459246871,7.212482679626332
97.2,-100.03135956443126,36.51729074625245,6.917715951035207
97.225,-100.14137502199235,34.4744191654949,7.0149574069931555
97.25,-100.59865406940926,31.847689775095503,7.598997549383151
97.275,-101.32881437530708,29.040056175511378,8.787557601048936
97.3,-102.1594030491566,26.313108517619266,10.471909548525655
97.325,-102.88720513156456,23.92281189995,12.230633952725022
97.35,-103.28369809371766,22.3300660692181,13.667866661911082
97.375,-103.10868652719384,21.92706291239281,14.482444275579889
97.4,-102.23217631194808,22.413385882812666,14.311929239580351
97.425,-100.7576078837832,23.256703786016566,13.093652160344945
97.45,-99.09393350392818,24.47739790393807,11.308475062969093
97.475,-97.73104695905265,26.296322545048064,9.468784662660179
97.5,-96.7769979210443,28.48148542443775,7.843572774210189
97.525,-95.88401810647179,30.444197797096113,6.48057190124758
97.55,-94.67507373916291,31.708086058984794,5.208527281521358
97.575,-93.1888768245671,32.08562963381338,3.8566020950365463
97.6,-91.86847114623198,31.842691941555003,2.6110599165694697
97.625,-91.12541729432853,31.229509764890384,1.875803134272391
97.65,-91.13423659970034,30.037677099902382,1.7560054796189286
97.675,-91.87224111998094,28.033065973727883,2.093182892541533
97.7,-93.0627093258518,25.378526964487357,2.846934884561338
97.725,-94.31425024944541,22.30884088445812,4.039725142819744
97.75,-95.2841806532918,19.010346607298906,5.475080130467377
97.775,-95.7594956213777,15.812325617206811,6.752809409510556
97.8,-95.69465664481459,13.406063206133801,7.567829409258091
97.825,-95.0983992538016,12.281181867540477,7.855379126734997
97.85,-93.92892126762153,12.38506829172468,7.672355164576859
97.875,-92.18331011512707,13.413986527221622,7.089912973061092
97.9,-90.03892863281989,15.000054834901793,6.2060443527766145
97.925,-87.89971871873782,17.11219863481881,5.094216841290084
97.95,-86.20533434250875,19.931929943892026,3.825559208914109
97.975,-85.13066580809516,23.41254602992254,2.5281608975105887
98.0,-84.42386418581935,27.10105761677255,1.266884055082108
98.025,-83.76663858056926,30.14296353671026,-0.09705023359734895
98.05,-83.34131942764112,31.899974154622136,-1.9104776884819983
98.075,-83.62069966942244,32.58276149453964,-4.157908714317294
98.1,-84.80832583857193,32.607350147516534,-6.315399020370189
98.125,-86.47211661744822,32.016189729703896,-8.048038168898604
98.15,-87.88883070766197,30.479072379665823,-9.660575298215933
98.175,-89.2160825996766,28.092873861500713,-11.630722179535962
98.2,-91.24309886964903,25.427535774114688,-14.500647229044487
98.225,-94.32054221715329,22.935087081649126,-18.48735033772395
98.25,-97.7968657879452,20.803147225581302,-22.88949930342219
98.275,-100.75508402940362,19.36864311728152,-26.164805982092677
98.3,-102.47546917499032,19.143475925455217,-27.199648085938342
98.325,-102.8257285861938,20.650235528104005,-26.221706585526658
98.35,-102.04006089600179,23.617645924298582,-24.14892416774847
98.375,-100.25765501268481,26.806597704260874,-21.129822272970234
98.4,-97.93719400951387,29.022310156784503,-17.3276980847058
98.425,-95.50729072762482,30.10459957276773,-13.449529288724882
98.45,-93.03318723636626,29.929969910106454,-9.745703526030043
98.475,-90.52323528197279,28.201525953961102,-6.13886754205955
98.5,-88.21439449058751,25.025715012381198,-2.5147043075027993
98.525,-86.3491512903465,21.230545771201292,1.0864194965121607
98.55,-84.71549617365608,17.935765930650874,4.370941043394379
98.575,-82.96800339832993,15.740871284216704,6.917476476881971
98.6,-81.2547630277033,14.302230110601357,8.50859318780942
98.625,-79.73634817396764,12.778952967380993,9.37621692780182
98.65,-78.14501779816372,10.693878848034027,9.980796391744677
98.675,-76.11710664957266,7.815238583643644,10.342866880520601
98.7,-73.38511459299814,4.1508163811167185,9.969542317015776
98.725,-69.59963565153087,0.368859050741202,8.689280551963881
98.75,-64.50302919112939,-2.343532856834068,6.667337970373535
98.775,-58.78925546006352,-3.253044569461133,4.145833519061487
98.8,-53.63713712049841,-2.4301977612594827,1.4706105026855316
98.825,-49.356067818001335,-0.4873635383495755,-0.9581702044214265
98.85,-45.88785533217001,1.7238470931409797,-2.709864886442515
98.875,-43.49788494267561,3.8518636936603254,-3.637397055408473
98.9,-42.01324802769285,5.541835659351242,-3.9818873969537654
98.925,-41.02744982102433,6.2550518276485105,-3.8202507367319734
98.95,-40.32906893190301,5.9423229030577565,-3.2735457910136736
98.975,-39.60474401686086,5.137385749644204,-2.4302224499146994
99.0,-38.93946421668091,4.556155606799623,-1.0807123789547994
99.025,-38.756652437253784,4.5168457788555045,0.9387006465012137
99.05,-38.71049827701706,4.837043165342809,3.5176854084024973
99.075,-38.35019278675659,5.474609678443165,6.265621387079986
99.1,-37.2998562482627,6.260999622055562,8.295616212312977
99.125,-35.824695297244354,7.009705894904134,9.148801591543723
99.15,-34.31545735451014,7.665901926501813,9.21950658206903
99.175,-32.904931645581506,8.428283149416822,9.016847454406129
99.2,-31.47918544407564,9.319384062416288,8.750741924303222
99.225,-29.90389359905073,10.1484270737735,8.40512999271346
99.25,-28.19932835367447,10.79529659860645,8.081236479357864
99.275,-26.37298147972299,11.212332945650513,7.99266660421343
99.3,-24.395820435518203,11.255059954856089,8.053770064633445
99.325,-22.33773130731537,11.06129973319864,8.109314441648896
99.35,-20.24638400623935,11.012033594160226,8.067523927877842
99.375,-18.250017213187938,11.249240603260867,7.70164820483101
99.4,-16.492872704710003,11.596651006288674,6.919848852953154
99.425,-15.020237617200598,11.90374988383262,5.971198027743562
99.45,-13.817318332619799,12.16017594746602,5.16646380706802
99.475,-12.871291118528351,12.401916669678673,4.807997676349674
99.5,-12.266476161941274,12.733306199196207,5.017136570498681
99.525,-12.00061547416001,13.280640987630365,5.561908786303833
99.55,-11.827676045209595,14.072791940750513,6.21927224627806
99.575,-11.623337317441633,14.914616653773288,7.099802080790427
99.6,-11.672825677845164,15.311871625500117,8.19058902827553
99.625,-12.286079995074973,14.826027763037857,9.132455176448124
99.65,-13.694775575255417,13.594930345952607,9.771278923654974
99.675,-16.145999835578753,12.228313164871862,9.773472293703891
99.7,-19.555890525423923,11.257139568953841,9.075769325052141
99.725,-23.774103408945958,10.879281316778997,8.190386414000617
99.75,-28.951500600922973,10.705676064347509,7.272354863936707
99.775,-35.18291345247797,10.411144210885372,6.668822995265905
99.8,-41.45016265947317,10.33630751439241,7.233536371082897
99.825,-46.08225912699438,11.415891469930804,9.324117942520465
99.85,-48.67440935662221,14.150930939726258,12.12797533499091
99.875,-50.340946303697116,17.898806600384614,14.637153186084262
99.9,-51.60647830537417,21.22590016620707,15.743314688718227
99.925,-51.99440313826578,23.099610755409582,15.059933799847762
99.95,-51.770855669535,23.8864206079402,13.698388141569316
99.975,-51.56734536920805,24.23586519483651,12.541214327530312
100.0,-51.231642295544745,24.2113213440037,11.074467806446291
100.025,-50.0759499012222,23.88513674092277,9.339024291285982
100.05,-48.06966059205302,23.4736993144339,7.98720065330565
100.075,-45.44306746699586,22.87718500301979,7.368819513279127
100.1,-42.33893488044378,21.959934311099385,7.252069137807777
100.125,-39.3521982827327,20.730267254309567,7.290328533322148
100.15,-36.828623441326336,19.386661487549222,7.4177229685654815
100.175,-34.522238028888225,18.274332324315875,7.80168974214017
100.2,-32.27267741220852,17.287299495170004,8.631315765409589
100.225,-29.959459518529805,16.18309144627952,9.884011036745184
100.25,-27.6141941537236,15.00762697368797,11.204529919319533
100.275,-25.356327635719484,14.026096334692209,12.085739457396592
100.3,-23.142532045756862,13.327191836680989,12.241447345866979
100.325,-20.80976754581884,12.722389501714668,11.683817374116208
100.35,-18.26119829153588,12.043214919675526,10.673106924797574
100.375,-15.612761184832472,11.414023333830265,9.515217285960105
100.4,-13.048441691331746,10.819910229357978,8.248303183273705
100.425,-10.781337669690004,10.136037122380333,6.8199970435029975
100.45,-8.899565280755008,9.413725194983613,5.317181626357923
100.475,-7.344604465592569,8.870619584988894,3.949050096984747
100.5,-5.936611002741223,8.660971698003475,2.8941655235133052
100.525,-4.63160635871986,8.688445655127703,2.2174710059789664
100.55,-3.57008922780737,8.840988787419096,1.9290178068472534
100.575,-2.825857886757482,9.078561927850359,1.9914702203772285
100.6,-2.3162464108121448,9.342382540003182,2.400085753209035
100.625,-2.001337375820281,9.56257656206065,3.1286233690737992
100.65,-1.858295032336259,9.58392837824745,4.087284388881003
100.675,-1.7286808956526332,9.306630635052358,5.044063072533951
100.7,-1.4904172453861186,8.847191764259513,5.826674628061742
100.725,-1.1812724785793023,8.4356982348309,6.425031964740454
100.75,-0.8850891082995781,8.210647433534985,6.7905870023114225
100.775,-0.6628522676124247,8.172416896393887,6.955907498332472
100.8,-0.6237231185029413,8.219888209895993,7.140629311829909
100.825,-0.7884131567577206,8.201090325132439,7.4541622941164825
100.85,-1.1114195571178689,8.048566924746218,7.997182177781087
100.875,-1.3881266261400227,7.766620976101661,8.671351575080765
100.9,-1.5339719020434597,7.407290268560915,9.213258812430967
100.925,-1.6495263900645363,7.0641740827234205,9.52941846958551
100.95,-1.823003354879489,6.687708427329563,9.765881208203849
100.975,-1.9738302463432937,6.133373706090669,10.043392852383167
101.0,-1.9833465795030565,5.444663239544308,10.417111007973423
101.025,-1.7874431127342127,4.812966179315985,10.868957725186482
101.05,-1.5252024327153926,4.3333118008614155,11.426672223412812
101.075,-1.3055038283670513,3.8774660277677886,12.039081639382838
101.1,-1.1763770368323272,3.3599901415129447,12.728105483829792
101.125,-1.3046029224372695,2.802903936520971,13.67771679673837
101.15,-1.8232813907855396,2.1451288875008387,14.847533193516824
101.175,-2.8486375927095056,1.306490689848527,16.141520555407865
101.2,-4.399300780923726,0.27323119198921614,17.43858100027337
101.225,-6.359129532802654,-0.8765638056497832,18.567611595336334
101.25,-8.718156807709342,-2.044180260566875,19.456459872733276
101.275,-11.520245172091807,-3.172320951008682,20.060332063461942
101.3,-14.675638237730595,-4.004687890288655,20.140082334088103
101.325,-17.851065754198082,-4.179128489468934,19.39719783631968
101.35,-20.603357567289017,-3.503500156608056,17.661785982146323
101.375,-22.636001140771135,-1.8761151564999436,15.107147521022554
101.4,-23.798774153215838,0.7113511269458302,12.179350990452585
101.425,-24.11819443432052,3.972111834956773,9.306797740398924
101.45,-23.92724327840481,7.365053801526391,7.012864171880307
101.475,-23.736391757376506,10.417359901087519,5.828154028807924
101.5,-23.843230518125175,12.837894875731338,5.706399273138806
101.525,-24.226131339907255,14.518732809739486,6.289208206489739
101.55,-24.906542193809482,15.53817675264664,7.583727812935712
101.575,-25.804833473922145,16.025055660835193,9.535530810644723
101.6,-26.41405581379208,16.043933793079688,11.802631281932754
101.625,-26.187330859574125,15.78465357275768,13.90259220259469
101.65,-24.88499679973232,15.258777630176006,15.144726828322097
101.675,-22.700579306811427,14.400119315082529,15.19310082416606
101.7,-20.42378014125381,13.388146557343068,14.385291269422197
101.725,-18.770323952609978,12.26576122803093,13.294342451020457
101.75,-17.867388646939492,10.827949088377625,12.360365254915179
101.775,-17.628678759251752,9.13917741846117,11.876991164291413
101.8,-17.93334143753525,7.591198265544489,11.85814793983739
101.825,-18.535959517363157,6.56904061566723,12.106822625658037
101.85,-19.230607838205962,6.237782856011238,12.462336147190154
101.875,-20.112030205755474,6.5969185372259345,12.851772778631158
101.9,-21.43873750063517,7.539598623491498,13.172695254164323
101.925,-22.93075571627014,8.873226906545764,13.277413513926376
101.95,-24.013025666043927,10.261486530639061,13.012628315887692
101.975,-24.816538150769002,11.49212106756476,12.108428580298847
102.0,-25.88090031838531,12.468448652807055,10.404068219426382
102.025,-27.48724985980435,13.26879759938946,8.09108509708033
102.05,-29.303798598171888,14.135412952685423,5.548384110432314
102.075,-30.530035447631427,14.677039479035669,3.354537035999366
102.1,-30.575592247532793,13.886571811957113,2.227747141849014
102.125,-29.483009074527764,11.7379364673461,2.6908783568528847
102.15,-27.57740609142149,9.391046008921071,4.567686733751367
102.175,-25.358144498018902,7.759234253581907,7.1900603685321895
102.2,-22.80565441217295,7.027299362200181,9.721842894594058
102.225,-18.997553734177846,7.164698143295022,10.86230379703397
102.25,-13.791989073207395,7.754922469597568,9.425796645232541
102.275,-8.913317184878602,7.513946953425533,5.020021024452615
102.3,-6.581461413647623,5.600524819037896,-0.2523478123637872
102.325,-6.688019423712687,2.894346589667699,-3.563776874266329
102.35,-6.481974188121774,-0.39781158697677665,-5.7558795509057195
102.375,-4.510735910766073,-3.5700212621388485,-8.614143612732766
102.4,-1.9894789107434045,-5.06513560499191,-13.545227102151458
102.425,-0.6200778401785257,-5.0098108954532545,-19.684369939069207
102.45,-0.22061493004600113,-5.09427838293512,-24.289179095957323
102.475,0.46866186232498885,-6.1621105947712955,-26.15418351554235
102.5,1.249840069808948,-7.340500810577918,-27.144471658878647
102.525,0.6607899491242805,-7.300375395332592,-28.572409639234685
102.55,-0.7875792887908288,-6.43123832025584,-29.415121224965567
102.575,-1.9942972525631186,-5.677886657032739,-29.741801875158522
102.6,-2.680345385233017,-5.3273191137944975,-30.1663817200081
102.625,-3.3424377593273262,-5.16317693220565,-30.558009889010403
102.65,-4.387232170044813,-5.020620923284361,-30.691449584307655
102.675,-5.548097825356835,-4.927441676463426,-29.9540137569104
102.7,-6.790227890357933,-4.605510229537565,-27.571881446871853
102.725,-8.536148830044603,-3.940978446514748,-23.620784334709874
102.75,-10.922081928621276,-3.375631166912911,-19.052112968322024
102.775,-13.824535319590169,-3.2378357577001045,-14.781192745815003
102.8,-16.63799068377593,-3.503657495670019,-11.29127797767947
102.825,-18.370605019121015,-4.036072412902058,-9.094596251561326
102.85,-18.59790997557786,-4.695855362276602,-8.196993663348788
102.875,-18.017617549623203,-5.249818318851949,-7.972802039057945
102.9,-17.656365797430674,-5.632434181121553,-7.857389655940405
102.925,-17.83683010478658,-6.19691506712647,-7.446597818517539
102.95,-18.08885132946766,-7.463892848599212,-6.444512258696758
102.975,-18.18750652483888,-9.487413551735305,-4.738827711093997
103.0,-18.241403855510615,-11.499005158562905,-2.5483625285895313
103.025,-17.77776022814733,-12.50101241424602,-0.4371920073823547
103.05,-15.978905551522551,-12.23734362844051,1.3404721875520258
103.075,-12.935630494341476,-11.100028128138662,3.2221328495149906
103.1,-10.14252017212752,-9.7531294817151,5.555697219136206
103.125,-8.457367646895543,-9.636487837160205,7.7695988159521905
103.15,-7.647721758206177,-11.25936859137827,8.696686255115843
103.175,-7.497989399326185,-12.376150649666917,7.735885986726296
103.2,-7.1066305020813525,-12.272601968722583,5.870045877163709
103.225,-6.279129751527808,-12.117737403714731,4.570286677485379
103.25,-6.033610984804379,-12.487745748601753,4.530523547896596
103.275,-6.8760338641173355,-13.270316822891722,5.933765217968893
103.3,-8.355943732292243,-14.013162995962006,7.592467659822965
103.325,-9.994419251846931,-14.410579831470322,8.36736962159048
103.35,-11.656738057585876,-14.592566593553912,7.961618285740389
103.375,-13.230439859688296,-14.596292377815168,6.588055829877803
103.4,-14.433706448712273,-14.483403849465418,4.461677696347941
103.425,-15.039182960824368,-14.243277385475023,2.010901916327775
103.45,-15.1412436225299,-13.879450377351244,-0.10901437727054122
103.475,-15.12385671086716,-13.549716388175,-1.444155348800848
103.5,-15.384050621386848,-13.271423446023213,-1.8039323342733542
103.525,-15.966223993616294,-12.986450228844516,-1.4062887708495089
103.55,-16.602099488796203,-12.711440593931618,-0.6593473711907314
103.575,-17.1794678182398,-12.550627628719766,0.02300818082985493
103.6,-17.90819982748787,-12.556295308683243,0.16361800318135927
103.625,-18.82614179280268,-12.722232387107844,-0.4128162079975342
103.65,-19.647185547284483,-12.964089885128143,-1.5050331090952047
103.675,-20.160554093918076,-13.076744115251332,-2.80042427282682
103.7,-20.33100162840161,-12.948583911162896,-3.9507714774885727
103.725,-20.117181070398665,-12.695107250268244,-4.602065438578476
103.75,-19.446655661047142,-12.540254949950231,-4.686890726207172
103.775,-18.401588632414427,-12.642258064820986,-4.472621737752922
103.8,-17.093458577238497,-13.016613532440939,-4.276619195006013
103.825,-15.534066348108276,-13.476263731966649,-4.317455077619376
103.85,-13.803569201410811,-13.723118451041723,-4.698370806257874
103.875,-12.122258357804693,-13.652205218390685,-5.2434745705083445
103.9,-10.687572093907875,-13.378498334956195,-5.5554063961805875
103.925,-9.51207300755832,-13.084315546218232,-5.379687124271531
103.95,-8.627884890165186,-13.009952203545321,-4.694566711699697
103.975,-8.176162985431555,-13.338295997566226,-3.643518185857465
104.0,-8.19032869651456,-13.904612257433186,-2.437203346219113
104.025,-8.493822425640044,-14.36681450937965,-1.1156658568630713
104.05,-8.858318941835025,-14.60864776691477,0.33032378685107067
104.075,-9.196939890771361,-14.726594171291806,1.7940511559927743
104.1,-9.538660438539736,-14.863834843773567,2.938484574653996
104.125,-9.850657976773284,-15.183803669940998,3.4420458037217574
104.15,-9.924796402638227,-15.771602504532051,3.374767555561134
104.175,-9.624617879099702,-16.461631927927396,2.935466287449748
104.2,-9.056534421171396,-17.048765287068484,2.21671181926454
104.225,-8.36173414985333,-17.519911541811823,1.3454501696356715
104.25,-7.647692219938808,-17.849952522420132,0.6851790429929443
104.275,-7.210132248379507,-17.876152678063676,0.5338388247454998
104.3,-7.253735564411994,-17.56990586138737,1.1732326242838351
104.325,-7.69765228162697,-17.091638210439395,2.6693314150216807
104.35,-8.446685104282128,-16.567538172519637,4.436077595978884
104.375,-9.540809561416397,-15.981215863848295,5.969390429007811
104.4,-11.117531305076657,-15.329939391075285,6.995922256535961
104.425,-12.968339972828607,-14.78151542508537,7.326631390551459
104.45,-14.325186639147418,-14.599656779971628,7.1635854941766715
104.475,-14.71915311075177,-14.755244373279492,6.770231381639903
104.5,-14.393526770272162,-14.975086600893354,6.30482808879734
104.525,-13.798605600458552,-15.090849744276097,5.997011002870023
104.55,-13.213313919357898,-15.05347783312255,5.88051132234488
104.575,-12.720038965603822,-14.96575679727559,5.933309669003119
104.6,-12.271242511110886,-15.056376641588466,6.139814650166046
104.625,-11.773566600688294,-15.532058139735376,6.470817730972117
104.65,-11.254934426358227,-16.434704041652132,6.917836482457448
104.675,-10.896521542659599,-17.589860056049012,7.403335804632773
104.7,-10.915977377382637,-18.645130697057986,7.745938875275661
104.725,-11.247627989553225,-19.271277213309027,7.846789938904359
104.75,-11.4008134968621,-19.425920650664526,7.77795063642304
104.775,-11.011140910601014,-19.315652682656935,7.686116054698749
104.8,-10.308211436670257,-19.053680451460018,7.652113134295901
104.825,-9.905267209439153,-18.503098450259117,7.5584287254301925
104.85,-10.27121255013762,-17.576120586286418,7.453287401849908
104.875,-10.858204096093544,-16.65691959050203,7.5661489799337724
104.9,-10.290848067544633,-16.434416976466363,7.450629848972495
104.925,-8.275870430243094,-16.92013952922894,6.547743967648892
104.95,-5.775409627909375,-17.413237097031722,5.241985858983038
104.975,-3.6645349560908755,-17.461730920966673,4.345469707111888
105.0,-2.7134799413873307,-16.82112116448446,3.8835011974971776
105.025,-3.3976585860301625,-15.233082021667926,3.3211361411348137
105.05,-5.27743233512553,-12.564107843169468,2.5927712143976116
105.075,-7.470571555951175,-8.932704271423049,2.152568904230938
105.1,-9.32469397571795,-4.9959752342203165,2.174168543347812
105.125,-10.719254728096018,-1.4523800942648097,2.154471203621193
105.15,-12.042093384395114,1.429975279193178,2.0287468076194655
105.175,-13.505813205111757,3.415091621341442,2.388934381542698
105.2,-14.999067980421408,4.397977356436985,3.166158742593131
105.225,-16.761977319799303,4.61789655449037,3.9640440090448994
105.25,-19.151383438467356,4.341732808348734,4.957427142203089
105.275,-21.94841919517002,3.519776443167078,6.193609087971455
105.3,-24.580671550784633,2.2042511597510903,7.200765318391975
105.325,-26.88100209694306,0.8903760560599149,7.282868832016329
105.35,-29.095493566048145,0.10123929866779698,6.108335987741211
105.375,-31.166039701503415,-0.23466426809265847,4.0436956696395825
105.4,-32.52484162598377,-0.6732775061127885,1.8229568265293026
105.425,-32.75211164991459,-1.4709445249328994,-0.17645883579297575
105.45,-32.072045851254565,-2.2689841863518785,-2.0114967641113446
105.475,-30.970366494767575,-2.736311311239567,-3.7806509194039464
105.5,-29.824066984056582,-3.0821493696665256,-5.148721370602913
105.525,-28.959715017951282,-3.8560351869221376,-5.665623527527382
105.55,-28.67722879994251,-5.573821044946126,-5.366535063526635
105.575,-28.624458824466473,-8.295329288174566,-4.841230239412455
105.6,-27.999619441645443,-11.158907542105716,-4.814786855531659
105.625,-27.48806878937054,-12.966759072981159,-5.67532439258539
105.65,-28.5064280467022,-13.828252304465357,-7.2467865226284225
105.675,-29.916975844642273,-14.965482128227594,-8.957927867561077
105.7,-29.418901914474343,-16.562004356528387,-10.329378321154596
105.725,-26.442826514168406,-17.733176086778045,-11.086324106272759
105.75,-22.077363231489027,-18.038854233380434,-11.148220018835575
105.775,-18.525657374425045,-17.45194950564892,-10.438092613868907
105.8,-16.760245917666744,-16.67920720610913,-8.996197367016213
105.825,-15.27206373132942,-16.857223256574276,-6.92466655338114
105.85,-13.090985425913527,-17.91091775539353,-4.044189405547466
105.875,-11.254136021242372,-18.785965393582185,-1.1378056837286727
105.9,-9.815307999293566,-19.375469971103275,0.2796502827215877
105.925,-7.952044714444665,-19.985206988559852,0.32441227213492296
105.95,-5.724230927225845,-20.265364724079795,0.17588650038401915
105.975,-3.4711389539812156,-20.23879224405789,0.31643243190846876
106.0,-1.4060878203252012,-20.197475569195554,0.8867592258328573
106.025,0.46452411301999647,-20.22726223534417,1.760121111444139
106.05,2.2707360283423186,-20.203872197770085,2.652610839460265
106.075,3.8054963585151556,-19.9277471952276,3.3258480812927886
106.1,4.773549754258931,-19.40621463261583,3.6651373028999163
106.125,4.97113287529223,-18.664864540450484,3.587579920358834
106.15,4.356114350856829,-17.674190349805176,3.0513456589882963
106.175,3.208563529954825,-16.562048127404406,2.3062733476113233
106.2,2.0888926274462665,-15.571950271464571,1.6660794144182587
106.225,1.538459133961021,-14.81400790556802,1.2287553719280435
106.25,1.687130559298333,-14.198362182772716,0.9157283409737884
106.275,2.278024621265171,-13.54870047404147,0.528334651094326
106.3,2.880228217841047,-12.709440075424437,0.009250946932643746
106.325,3.1831397519059825,-11.4995406426397,-0.5128751931907358
106.35,3.1415103089917418,-9.717865778314886,-0.8134429372837113
106.375,3.1014381082013327,-7.443282275844355,-0.6049545744728955
106.4,3.3521735988611865,-5.0456541399116865,0.3091469180581886
106.425,3.879722136048237,-3.0659159683131785,1.2643671256627065
106.45,4.260322492323946,-1.8678605191447586,1.3295051572079188
106.475,4.1744575993359065,-1.4458392668356166,0.5413896816948306
106.5,3.882490416729033,-1.5905950668987083,-0.5863573558642801
106.525,3.1717107009196894,-1.7446223670743533,-1.1955325665395207
106.55,1.6608934198652765,-1.3986443786554286,-0.7726294666785702
106.575,-0.30986805800011824,-0.738021925515903,0.012696624834596278
106.6,-2.4808925496863896,-0.23845968096880799,0.4742486230401852
106.625,-4.792980735193301,-0.21353984844526333,0.41436317861067634
106.65,-7.159185821985902,-0.6675608368618398,-0.12363599002958708
106.675,-9.730915211318687,-1.3166813437182747,-0.7241088419189524
106.7,-12.7707375523094,-1.8728928104803764,-1.009944123235936
106.725,-16.203529912331103,-2.1973251300967536,-1.3181866080084428
106.75,-19.30004316676084,-2.4015445275864233,-2.51769006105386
106.775,-21.41547921421291,-2.593075201370543,-5.030086296596721
106.8,-22.53966424607786,-2.693207384618005,-8.465843950591694
106.825,-23.175324821996632,-2.566516698673124,-12.11293822383366
106.85,-24.135038298216344,-2.3517288068755753,-15.46150091809514
106.875,-26.146012953477587,-2.5027411001324995,-18.253977244478826
106.9,-29.384713885046217,-3.3374209776729042,-20.61062601614933
106.925,-33.42800466933242,-4.795215958401644,-22.86843821024238
106.95,-37.54798645094864,-6.567889157316436,-25.191485470707832
106.975,-41.18143326550703,-8.168218313217986,-27.21350006350491
107.0,-44.1629848195837,-8.943190039494551,-28.552358315743557
107.025,-46.6398529658178,-8.892180464152016,-29.043922450610676
107.05,-48.70137893822991,-8.716240864309357,-28.380455989818817
107.075,-50.24214298626405,-8.638490334290264,-26.246031436540836
107.1,-51.38583016302249,-8.31283020918963,-22.77281425718717
107.125,-52.49609239067747,-7.598051464813509,-18.555182592225492
107.15,-53.91942197706025,-6.739523837333859,-14.209618213168469
107.175,-55.52637140449217,-5.897879106905017,-10.212086744736915
107.2,-56.459588263414204,-5.062277588372499,-6.914956907403653
107.225,-55.97257898639328,-4.094744399657212,-4.4972872127343635
107.25,-53.78568679650589,-2.770730445598854,-3.004408128837951
107.275,-49.91807217020543,-0.9007914803235088,-2.4341135086235783
107.3,-44.612355663156976,1.3366241141399455,-2.466790608040229
107.325,-38.128358557487715,3.4196606912705283,-2.553755798588021
107.35,-31.25100141953258,4.958967012769929,-2.266505040276401
107.375,-25.10706017394698,5.72289016235786,-1.2460158438886546
107.4,-20.46415036049527,5.651788786963904,0.6412808653994232
107.425,-16.685216901191836,4.822591210592865,2.641416394425525
107.45,-12.075548542288063,3.265446239794555,3.492503625543526
107.475,-6.502206559251,1.1908910926329832,2.4538039319779075
107.5,-1.9854589712958706,-0.8404167064274187,0.1098012899893594
107.525,0.12975620612223773,-2.3690601769855717,-1.8018435821438168
107.55,0.3809529849959129,-2.6607008080488788,-1.7476868118311566
107.575,-0.223134325172662,-1.7758480123841414,0.013900102763874263
107.6,-1.3320673888347676,-0.9128252232745262,2.681023247988988
107.625,-2.034239869757549,-0.8772070322058704,5.855647314723294
107.65,-1.2544953879081266,-1.5002488078522718,8.24801792053272
107.675,0.36083777609464135,-2.053786888373901,8.08147564862112
107.7,1.3990529683289614,-2.1813938969501714,5.6391489060760325
107.725,1.8139524125662716,-2.157057947792697,3.6628174577316477
107.75,2.273655458542819,-2.4008311066580337,4.061389153379492
107.775,2.8847189789417227,-2.8298346713230806,6.2874951311885985
107.8,3.3280873652039618,-2.9259448300177784,8.813456302693448
107.825,3.56469376343602,-2.5082607822671212,10.356711819403532
107.85,4.0756560446462125,-2.226339595882321,10.680071316162579
107.875,5.056908500283647,-2.516118569509152,10.469515089417996
107.9,6.1721760021909144,-3.134344156642354,10.191679980293296
107.925,7.147328987373442,-3.6011625657155952,9.933517833331974
107.95,7.861786343964259,-3.5829640442652457,9.689816619659693
107.975,8.13340695016033,-3.215208714282307,9.654422929437949
108.0,7.950272149414653,-2.898560358490108,10.287101976639295
108.025,7.82109705774343,-2.877701633554417,11.300459258590026
108.05,8.115905576036445,-2.985765791345856,11.754510029486095
108.075,8.840482735960855,-3.149358327611441,11.352519670714226
108.1,10.008333924485637,-3.56775636212389,10.656390646591682
108.125,11.464875848241265,-4.124285114899678,10.168783260500659
108.15,12.666387371415913,-4.43501964163073,9.992152099389207
108.175,13.247450415610654,-4.453521708096715,10.149608151818038
108.2,13.409195964790207,-4.444156715782444,10.573368046448424
108.225,13.533474949155849,-4.513164689143565,10.980397840485193
108.25,13.801928637474772,-4.596981412986558,11.052492140622153
108.275,14.19776611722169,-4.71986082093009,10.789493098736028
108.3,14.617795297827776,-4.893578486344168,10.456149447079385
108.325,14.936322612737223,-4.983544533287609,10.235968075740002
108.35,15.092928565906746,-4.882330058082137,10.152550223630785
108.375,15.104247899008206,-4.6697747412337725,10.25384942908846
108.4,15.03618920566496,-4.526431481098454,10.513895122685046
108.425,15.008360917208485,-4.5295263175897995,10.754975100742051
108.45,15.11653738183271,-4.634154407429147,10.82276051796436
108.475,15.299301832859832,-4.767162429106167,10.686854184256623
108.5,15.453798146182713,-4.856748375935951,10.464741716924314
108.525,15.613279362771902,-4.876048982510867,10.299382368128914
108.55,15.788202173276195,-4.875583908553978,10.174496992991193
108.575,15.899223161561606,-4.886748569969401,10.061328895055357
108.6,15.960424845204153,-4.910453232401606,9.947354851029226
108.625,16.04500265713491,-4.9457054381383365,9.814418616266403
108.65,16.14022271260296,-4.957792913241923,9.67494013039863
108.675,16.191722651488426,-4.93188960345541,9.558812098275048
108.7,16.189452330478268,-4.885848123447443,9.535648996625643
108.725,16.19359803646218,-4.827838909383748,9.626978361424385
108.75,16.205502139198202,-4.788703775877713,9.712352919928678
108.775,16.148733791881927,-4.809210948701407,9.683705985336593
108.8,16.016268999859665,-4.852335880417231,9.596329632046702
108.825,15.941178046885838,-4.859650183879437,9.561464185019535
108.85,15.897757693020877,-4.8214725744215166,9.592116113297614
108.875,15.699748116823923,-4.755890179839911,9.67112378095015
108.9,15.38178725176307,-4.7327067849276485,9.80260923156571
108.925,15.092413904372256,-4.793195636159746,9.88848408853571
108.95,14.847678734262285,-4.844407709302011,9.819816332539226
108.975,14.616724817402746,-4.817561183437532,9.635186454613375
109.0,14.37732425062984,-4.751115629562765,9.448185177485117
109.025,14.102866165251658,-4.680276614401852,9.292854090735775
109.05,13.766165242000534,-4.598482360986308,9.1184342730453
109.075,13.35964594131428,-4.516902633153174,8.872635396567123
109.1,12.890953554194347,-4.460991764855682,8.584004854446588
109.125,12.414626663401426,-4.442753527182527,8.298405898918288
109.15,11.903140063595625,-4.457780279119547,7.9920671809274175
109.175,11.234334587078349,-4.492712476601777,7.701490531777847
109.2,10.298861073305918,-4.526483763350009,7.543512232718737
109.225,9.080692063143214,-4.5464273433022315,7.521565091030201
109.25,7.571089825375031,-4.546524306196991,7.460683290008554
109.275,5.7495328875297,-4.515888354594812,7.253632714315251
109.3,3.688489510903365,-4.448432795752749,6.972977536458628
109.325,1.549515150725436,-4.311300686004028,6.780475859259142
109.35,-0.6266690852098101,-4.025991003016341,6.818457623322474
109.375,-2.9487385384683438,-3.5543465769407057,7.114393765601292
109.4,-5.479099263578447,-3.0197521727581695,7.501205252588689
109.425,-8.219078997789115,-2.551780682997732,7.710745258447629
109.45,-11.163278325645855,-2.0265115466118355,7.636453153253996
109.475,-14.374643272576154,-1.2593153543376334,7.205806306491291
109.5,-18.136104828821328,-0.27794375838883545,5.957102265875849
109.525,-22.76690800912197,0.9839667233957018,3.5746286953273794
109.55,-28.769690766727248,2.765996219019584,0.8006015571152267
109.575,-36.30290776338857,5.403444542642305,-1.0108793949353418
109.6,-44.40843530639136,8.86328920346821,-1.6354400712551052
109.625,-51.43080319136531,12.50348045901595,-2.1317305487493465
109.65,-56.70314028879152,15.94467809509564,-2.7036006926164586
109.675,-60.652862558546225,18.95172049269072,-2.4302997399445943
109.7,-63.44623440961279,21.02633245893193,-0.705064478522068
109.725,-65.69586912052642,22.49092197831457,2.181051491611477
109.75,-68.30256917211483,24.102297615014933,5.077881681608649
109.775,-70.49211028097227,26.64631740658984,7.101156090759022
109.8,-71.23870983015317,30.137086932147316,8.26507158400448
109.825,-70.10527254678544,33.24727666769476,8.769464392620083
109.85,-67.72372265811583,35.45907803874495,8.52315883541233
109.875,-64.74710296027501,37.066807810037375,7.415481134772164
109.9,-61.72531677851487,38.13278835499899,5.811288456895366
109.925,-59.42202530903873,38.701288503181175,4.301849097844178
109.95,-57.80232860158155,38.85571903381105,3.002628584654654
109.975,-55.979752509543815,38.45872243509594,1.6447736155309944
110.0,-54.13175485288469,37.620114032921954,0.0396239573119437
110.025,-52.85179295718087,36.8043906418459,-2.0212560757449562
110.05,-52.315480032459604,36.254286951328965,-4.4644823431228176
110.075,-52.68697112136586,35.68522196306859,-6.835651915132682
110.1,-53.899419288228955,34.8925938745994,-8.797715455626602
110.125,-55.51683303146102,34.126703174290704,-10.357880943929946
110.15,-56.96752496129202,33.478315209502014,-11.389234039544435
110.175,-58.23536396577402,33.04465551763719,-11.203535646901923
110.2,-59.56415571502901,33.19262350600934,-9.925074107372494
110.225,-61.106980882627724,34.062576836558144,-8.444927813752427
110.25,-62.64964646327524,35.20610791933844,-7.018241917523936
110.275,-63.8672607351057,36.10522735677927,-5.600549028759505
110.3,-64.84933338643863,36.67174615079727,-4.448668420133111
110.325,-65.79534503023154,36.927063563631684,-3.772378098046731
110.35,-66.69287001641615,37.064450643879724,-3.645551563362399
110.375,-67.49814147865284,37.61786468929162,-4.198631110012726
110.4,-68.31837894086676,38.80101179565091,-5.375969038110368
110.425,-69.49065245304214,39.98118779062094,-6.776055257295484
110.45,-71.20422562120852,40.51718785781141,-7.98306052287264
110.475,-73.50358833072157,40.44562514964949,-8.891564098580497
110.5,-76.60168132976659,39.797615865703484,-9.618985501255866
110.525,-80.70735068617272,38.255528417387,-10.500656296805445
110.55,-85.89143056913385,35.780086117778986,-12.22281169777224
110.575,-92.00445110189455,32.320918023866994,-15.511337522898529
110.6,-98.42591709233028,27.7123340414869,-19.797760251109917
110.625,-104.16581066574189,23.05091132726165,-23.56493514990822
110.65,-108.46913325095655,19.881538483312386,-25.80426855093956
110.675,-110.91553709827608,18.737070224630386,-26.384534523532892
110.7,-111.64197777824435,18.88833318086309,-25.92922380500413
110.725,-111.04992789586754,19.22549824095415,-25.135780369695592
110.75,-109.34989966434001,19.52480553478892,-24.335725374359072
110.775,-106.56743887024139,20.42043517863427,-23.54692876770194
110.8,-102.96433835581585,21.98040048551795,-22.51878048841794
110.825,-99.49457670069148,23.5262195036687,-21.50554866300991
110.85,-96.94526055109426,24.56041173009932,-21.057835811955446
110.875,-95.27019611087164,24.834833038930963,-21.080075651451963
110.9,-94.23502423182272,24.627466745012978,-21.018755552327136
110.925,-93.66795584085774,24.27443700352748,-20.349690707999624
110.95,-93.2597379595887,23.6556603263458,-19.18909586676116
110.975,-92.7285568691821,22.64835978673043,-18.26026687022882
111.0,-91.98783010043341,21.341606433549877,-18.034725947999153
111.025,-91.05720290832099,19.749528592821783,-18.382017793634127
111.05,-89.95132184624384,18.042066133178,-18.768349552083922
111.075,-88.6339430088845,16.69434910051882,-18.489744447881556
111.1,-87.0434776410659,16.199568636533154,-16.953523848362703
111.125,-85.25484784194246,16.793951161448643,-14.059692427657156
111.15,-83.47178202550649,18.24454325695998,-10.21699715752579
111.175,-81.86965175204126,19.90011452679228,-6.136792277955855
111.2,-80.41225848527185,21.151017844334337,-2.5118901043447766
111.225,-78.89443208863618,21.63844497436482,0.4195897832112418
111.25,-77.09393147581488,21.269708221729648,2.776936948421302
111.275,-74.971241359768,20.363046865044414,4.662486557519957
111.3,-72.70237333037484,19.613306635402335,6.134760105424829
111.325,-70.53796532108059,19.563794148805595,7.413094647050492
111.35,-68.54071339385213,20.149417908481436,9.061911244014215
111.375,-66.7933702682735,21.111126581756686,11.271145973969917
111.4,-65.44559022018835,22.544952077211942,13.295838745113617
111.425,-64.39278266560454,23.75716253895316,14.436701745504331
111.45,-63.465302142486884,23.771236705193125,14.596339762279197
111.475,-62.62662562057246,21.934165263609945,14.278375225123161
111.5,-61.954847689251565,18.510469114107206,14.101132473635522
111.525,-61.500290222480125,14.773867125227211,13.9417931467859
111.55,-61.10287107851288,12.326529833152355,13.027854939484142
111.575,-60.430412470636504,12.05845816685475,11.106424383098288
111.6,-59.76459386173388,13.253713980656535,8.666691600150063
111.625,-59.86766282800886,14.536747321030752,6.482302726379513
111.65,-60.75613109148881,16.184897612475854,4.720736275311798
111.675,-61.864326707757435,18.962720968172007,3.3081095390350743
111.7,-62.61996749860974,22.503153739414174,2.1642335146826337
111.725,-63.23521068245208,26.157361132116154,1.631121503464371
111.75,-63.98245975281132,29.42784825534227,2.313910305017636
111.775,-64.7794000991227,32.13672911146091,4.29313824444614
111.8,-65.46137503505948,34.577402350563176,7.098041332791486
111.825,-66.26323297418267,37.07057046833604,10.588820617639275
111.85,-67.41817546915468,39.445801886641824,14.741969075515271
111.875,-68.91559045354256,41.50189644001977,19.11639444640125
111.9,-70.57294046552182,43.238004138682896,23.34218132521783
111.925,-71.99814940880668,44.54379121582309,27.065098031743478
111.95,-72.8158746278399,45.36599997061153,30.022018082976956
111.975,-73.20467375982838,45.89158484172772,32.47043434253465
112.0,-74.02966191593362,46.37329750391972,34.920041593325266
112.025,-76.17777139933331,47.01177837240771,37.58218240322085
112.05,-79.50054774698822,47.763402065500514,40.22084930034926
112.075,-82.70668626011104,48.172989679452066,41.970109688844
112.1,-84.45613942054624,47.656394548063645,41.782506395055634
112.125,-84.49403937963727,46.43508096086144,39.8470435673826
112.15,-83.40067252260587,45.191574554462264,37.331920296350994
112.175,-81.75224251838102,43.95953161419092,34.83246171742276
112.2,-79.91720644930835,42.62906873368148,32.4525597513847
112.225,-78.33994793820615,41.53581498548896,30.537467861758753
112.25,-77.47522816648788,40.882510067908385,29.54372241167603
112.275,-77.42016437761197,40.49831058125551,29.541465949216256
112.3,-77.81890739758225,40.206321771492924,30.169797471480837
112.325,-78.2464411322519,39.9238839233648,30.903613750987088
112.35,-78.50651716833822,39.68575291359843,31.297079615037905
112.375,-78.53309715131259,39.66897298628299,31.161245966688544
112.4,-78.38408229700873,39.90844466820379,30.523839133768398
112.425,-78.15706091344734,40.171631533555214,29.66037108991336
112.45,-78.03629664826363,40.254361666099335,29.018643179835525
112.475,-78.10974649160248,40.19003385881741,28.838755302647634
112.5,-78.32750351195438,40.150940717708885,29.071793896651883
112.525,-78.66364272503522,40.18554269642922,29.526528725135528
112.55,-79.07009737910155,40.21823258367342,30.003841281453315
112.575,-79.49043276404568,40.210856912158775,30.398230723486662
112.6,-79.89646388070935,40.15492355787662,30.65303448992078
112.625,-80.24118916254484,40.06273156877235,30.78205997335891
112.65,-80.49006413751982,39.97699910710732,30.875256494952808
112.675,-80.67375181308665,39.87439113382836,30.94982858410651
112.7,-80.86040640063744,39.68952988215035,30.97177676336397
112.725,-81.069709224784,39.460342213397276,30.931709566042056
112.75,-81.24782914378922,39.20761219320737,30.77963351021346
112.775,-81.36437011992334,38.89788440871028,30.493751604938254
112.8,-81.47896094467315,38.55219430692985,30.13309573836703
112.825,-81.63553621201861,38.20069764857151,29.772973661373186
112.85,-81.8277084905864,37.780379497691264,29.426385502750808
112.875,-82.09653178734825,37.27613194665972,29.110663687756
112.9,-82.50743186662918,36.711099520142646,28.84513701513893
112.925,-83.04067892739651,36.02551282308404,28.64372334262306
112.95,-83.65614175130266,35.21027348853336,28.487414165362797
112.975,-84.3008560884221,34.370132877290025,28.25264319276412
113.0,-84.90514104278175,33.50858106273721,27.84320198539952
113.025,-85.43454123155318,32.55515813917361,27.324991174143058
113.05,-85.90200437301915,31.55735376434529,26.773179716502003
113.075,-86.30695410011514,30.568013492645683,26.22077285927565
113.1,-86.58456285044562,29.54346660075707,25.72864954502105
113.125,-86.74628046074181,28.46196202603333,25.33778054072013
113.15,-86.84897438522728,27.350705780310328,25.02975613903273
113.175,-86.91371384559915,26.17745208954189,24.693739427166797
113.2,-86.95996344990921,24.887921900913874,24.20738331386205
113.225,-87.02655551302482,23.497943088249464,23.54186475590223
113.25,-87.11512049978073,21.976942418756284,22.755085258323206
113.275,-87.23345686984965,20.283486871563536,21.844966355250914
113.3,-87.44451367995974,18.447977885743168,20.7651200316927
113.325,-87.82791568773843,16.43579873571138,19.493798918541184
113.35,-88.46944422104585,14.138935461694416,18.00285951399134
113.375,-89.28441885340094,11.563948358557399,16.29612316664485
113.4,-90.12005337943816,8.801644322193448,14.393332877619908
113.425,-90.95768874123985,5.961921618464647,12.130940020961855
113.45,-91.89997968322977,3.0469049442333946,9.235892848334002
113.475,-93.00925228488902,-0.05857009952823266,5.913788618093868
113.5,-94.22503799865125,-3.399119222332325,2.4542231142326987
113.525,-95.4847730937571,-7.014544449078814,-1.1537662462550584
113.55,-96.85018434792828,-10.990046808335332,-4.976243796693895
113.575,-98.35844485374638,-15.319554669732973,-9.033656710687504
113.6,-99.79523075599482,-19.856979644723275,-13.078193354320279
113.625,-100.79005500403797,-24.26031469758138,-16.537326363620075
113.65,-101.15320594863667,-28.294553239512187,-18.891212355657828
113.675,-100.86014000973762,-31.865532451060787,-19.894408737474986
113.7,-100.18704220384298,-34.88352335214947,-19.910958302590146
113.725,-99.37316242354072,-37.32855397837667,-19.4726070949463
113.75,-98.42435944963105,-39.3763934233626,-18.957081412079255
113.775,-97.42050073754459,-40.78401898779496,-18.46695496511049
113.8,-96.32913167122419,-41.50628727203095,-18.149585568513167
113.825,-95.24821271486759,-42.177486418145214,-18.50796216141389
113.85,-94.33558603377112,-43.18798472603208,-19.937291287060837
113.875,-93.84173401645822,-44.11317472529754,-22.418875983985117
113.9,-94.04762850230406,-44.13261866934595,-25.5062333633834
113.925,-94.78220815498179,-42.762643929526654,-28.431630820349046
113.95,-95.5082498209477,-40.234725394723505,-30.49586063252822
113.975,-95.70834762111386,-36.81962739108556,-31.119242210614743
114.0,-95.26915951810264,-32.749787581232084,-30.261442351922582
114.025,-94.62156349478285,-28.780788268007502,-28.47862799401915
114.05,-93.92195428337193,-24.705700344717794,-25.70771504498653
114.075,-92.52463966203521,-18.713584405925882,-21.137289569045706
114.1,-90.00518275455401,-9.755128930706086,-14.367243235506272
114.125,-86.97849775494892,-0.19421054772853122,-6.440616727415898
114.15,-84.71400026029006,7.468323189127484,1.1857076295494757
114.175,-84.49174443838145,13.537822099546537,7.694056939544998
114.2,-86.20889457618303,18.395941916642265,12.175700408367582
114.225,-88.75729553806849,22.45012015889723,14.30072154820046
114.25,-91.3727340882464,26.39804485336487,15.049464487865086
114.275,-93.9425846735723,30.751374497563177,15.659456194172318
114.3,-96.36169064350155,35.55076301113557,16.69363258497407
114.325,-98.36698034086872,40.20505139824407,18.48640452773895
114.35,-99.93617433276044,44.33338871665533,21.195862571183337
114.375,-101.17800077563507,47.90570579330062,24.311182835513694
114.4,-101.9934583939867,50.6970143808413,27.15091578549383
114.425,-102.1060820120802,52.55240763605213,29.4141742665755
114.45,-101.41716722497996,53.35991341700678,30.8805182179111
114.475,-100.20734495451767,52.601157038392245,31.623129935880833
114.5,-98.95591124020237,50.45748641678575,32.49482248839903
114.525,-98.12437996215736,47.79201885706903,34.52086939552016
114.55,-98.01564362926294,44.826947955074004,38.19774642072589
114.575,-98.53685118361729,40.9736344296094,43.0599689116338
114.6,-99.2787593251135,36.881926523090684,48.1808334554222
114.625,-99.43591919970063,34.58980194051228,52.200366991327215
114.65,-97.91931446783862,34.422285678812266,54.19224399122788
114.675,-94.47914307612592,34.769856683576734,54.32047969684908
114.7,-89.4839207717552,34.24597889227456,52.83816538872729
114.725,-83.44300725792898,33.1966994682393,49.651473811916055
114.75,-77.19391485573578,32.81928696749783,45.05568132150394
114.775,-71.80623123711031,33.155413525154174,40.122795160103344
114.8,-67.49495191436952,33.81278752335516,35.76414936286044
114.825,-63.62004148488634,34.99647162057631,31.463888668413173
114.85,-59.198697490970545,36.5067875571822,25.06608536077842
114.875,-53.749745546597154,36.56810035106902,14.2401613659672
114.9,-48.76292378542745,33.82855306355065,0.8850349043623298
114.925,-45.694458557976716,29.59374414149484,-9.561350275956528
114.95,-44.28495009949796,25.906569746353902,-15.399947514428776
114.975,-43.185148204024856,22.30749640321554,-18.686571374351303
115.0,-42.07010390316806,18.48405412084698,-19.76687361522241
115.025,-42.10342038119833,14.468112888370374,-18.3250592876079
115.05,-43.941225266231214,11.228672046498783,-14.882194191598225
115.075,-45.952748567332335,8.972896197696084,-10.323233240899615
115.1,-46.13828267432024,6.9591394554372945,-6.112873457147658
115.125,-44.96434557580372,5.684589852961383,-4.1024580390000125
115.15,-43.69905887155071,5.472731349312623,-4.303917628224783
115.175,-42.41120228791046,5.7534242186062166,-4.846103229590028
115.2,-40.741207207526706,6.008612957926276,-4.995162947448223
115.225,-38.90686112091427,5.633227011871269,-5.269569161992927
115.25,-37.32157573814625,4.361753232709838,-5.663286616515227
115.275,-36.15050651831914,2.947457303640986,-5.926763042847112
115.3,-35.13506528364649,1.7654952119515224,-6.186705624241779
115.325,-34.18647777846436,0.5460040839577915,-6.311183159963735
115.35,-33.43462722027185,-0.8342053995068774,-5.937737334087307
115.375,-32.82671069048829,-2.2827412203606254,-5.278020916459148
115.4,-32.24933458226175,-3.6386923756576035,-4.759949406459588
115.425,-31.662044961683396,-4.812809594149767,-4.392864466110502
115.45,-31.03973913811502,-5.71304261875574,-4.046452129355454
115.475,-30.35936498330781,-6.0892120719592215,-3.6900516446450347
115.5,-29.724178447708226,-5.844834875555656,-3.186931823233247
115.525,-29.674938938179004,-5.698657849508321,-2.6421351302122336
115.55,-29.73651762773893,-6.435747888692783,-2.423512000334634
115.575,-28.912147899262486,-7.480562661297591,-2.1910116657091456
115.6,-27.3378731294491,-8.254765934592005,-2.112318157173033
115.625,-25.807394275918,-8.626582003164039,-2.2419563140580956
115.65,-24.701932202060476,-8.678669157748125,-2.0944943189610923
115.675,-23.957591645414972,-8.644079601637344,-1.2969819239890568
115.7,-23.2506719285919,-8.776665017362564,-0.02371357534714852
115.725,-22.300588142483207,-9.039111640665409,1.1147258238361462
115.75,-21.1443864348751,-9.331040322251438,1.7113120991220303
115.775,-19.924619164441296,-9.715947429241291,1.903165109197805
115.8,-18.68389901326079,-10.111820935312444,2.0676110134041434
115.825,-17.50127703826105,-10.31771363720529,2.3673587992619702
115.85,-16.494363402565643,-10.339644467228783,2.7812810969360022
115.875,-15.694432178716408,-10.344808515172781,3.492632359933616
115.9,-15.04276810710291,-10.444719493285795,4.556279218376625
115.925,-14.4962461730479,-10.546053684895432,5.689702798829489
115.95,-14.076063667285064,-10.576570104590852,6.668445641600684
115.975,-13.838578044192227,-10.53290912862259,7.504540037806319
116.0,-13.795962026195605,-10.462586548982543,8.237046848946752
116.025,-13.90180838029516,-10.365639819218696,8.88726825667965
116.05,-13.979041222926458,-10.243859742768871,9.452921615473542
116.075,-13.958113064376358,-10.101377212688266,9.868719846579523
116.1,-13.90713656315547,-9.868147458974446,10.130741160433628
116.125,-13.966317834497385,-9.45384581670023,10.248527959701413
116.15,-14.068655215902776,-8.922207800892696,10.1373559189664
116.175,-14.172316243285673,-8.266897943357975,9.918893491688001
116.2,-14.36380081508227,-7.429225993027917,9.65106546076043
116.225,-14.658234723429134,-6.372484214293629,9.321323826882319
116.25,-15.033159975853508,-5.212320978731546,8.987363676107485
116.275,-15.497880570609793,-4.176778035497061,8.745434969607274
116.3,-16.166649257051116,-3.284951806274522,8.587769624227626
116.325,-17.186338305817088,-2.3562093350830353,8.298176134254039
116.35,-18.466154521562125,-1.2699125533624556,7.763123312972995
116.375,-19.847101014512415,-0.005476997801595773,7.112072025304886
116.4,-21.30663015522483,1.2862092198784525,6.520856694780798
116.425,-22.90893800354655,2.432758260762365,6.21046473884623
116.45,-24.82185671861591,3.3896761343978943,6.419039832168385
116.475,-27.105625670036414,4.1937186631785925,7.155955414460062
116.5,-29.53154057145664,4.974365044253885,8.17445697737269
116.525,-31.93737688338408,5.993780119331988,9.214718608231259
116.55,-34.19355826957619,7.534788586281628,10.25300060956981
116.575,-36.16507151733043,9.49799340768386,11.214169936482302
116.6,-37.75810020331091,11.691315671208107,11.79910261770999
116.625,-38.92650794202868,14.129934049331977,11.729437234175558
116.65,-39.533108765669255,16.805005630558124,10.99669513239616
116.675,-39.40345518391724,19.567706728782746,9.859057686245128
116.7,-38.566987269533804,22.221295094544807,8.542047462871224
116.725,-37.53743024282493,24.769988216923718,7.206729585047873
116.75,-37.04251373392421,27.262851860627535,6.044366265958576
116.775,-37.12665340496975,29.51354830282749,5.129185545207227
116.8,-37.33692080709193,31.2820227369588,4.363118338377389
116.825,-37.41048817339818,32.581925688855655,3.577881609852941
116.85,-37.516805105736445,33.60540131190726,2.520731100112307
116.875,-37.93275697895622,34.45105099410951,1.0487451386091853
116.9,-38.663886677502504,35.04902279206798,-0.7203471916451265
116.925,-39.65512163093635,35.45816867830371,-2.4273819440427404
116.95,-40.74325302889866,35.92789951448373,-3.8244790964431408
116.975,-41.60501707119299,36.59544089462974,-4.886897486087585
117.0,-42.291265647174335,37.581250016688365,-5.64790220221176
117.025,-42.96759369995941,38.90528344969045,-6.228835872650119
117.05,-43.40978705354585,40.27803009134216,-6.882321595552011
117.075,-43.32003648657583,41.41674281871625,-7.7486202911051585
117.1,-43.04939293902539,42.37010301155511,-8.47998157032137
117.125,-43.155780137535714,43.11331988897696,-8.496158331110172
117.15,-43.678197151808554,43.63983941674495,-7.6131170445560805
117.175,-44.14724218006007,43.97264536178448,-6.37166643312335
117.2,-43.90655759193333,43.93907048871994,-5.427734757383007
117.225,-42.49713347310202,43.403371847017986,-5.080982050401211
117.25,-40.222003038052385,42.32271041051136,-5.197569852219442
117.275,-37.83276212327085,40.699573739238026,-5.276486511459907
117.3,-36.106611099687065,38.562062554459814,-4.814549866631541
117.325,-35.416631325815736,35.99368029827451,-3.6590463206000954
117.35,-35.45433315729029,33.13748391843998,-1.9911591144618632
117.375,-35.477845429799686,30.047204209421697,-0.2542655195513685
117.4,-34.848762677787924,26.760759313609363,0.9819930917898758
117.425,-33.572714079392874,23.401245031069664,1.401575459173022
117.45,-32.0680158112993,20.14402156814506,1.137878817214773
117.475,-30.575200549304046,16.983395093350225,0.402373994270397
117.5,-29.289871869821756,13.762286595762165,-0.8063083992784252
117.525,-28.465778489407057,10.624996494359435,-2.483428621719033
117.55,-28.00870574984445,8.073558262275526,-4.434864324436516
117.575,-27.70205249685918,6.214567817705419,-6.271691581404351
117.6,-27.31044819961086,4.654379795828998,-7.593794536925719
117.625,-26.62283840512931,3.181898778471725,-8.225663657841373
117.65,-25.619907642792864,1.860388373973828,-8.255913620691382
117.675,-24.630074486852024,0.7933809425080584,-7.875527470504567
117.7,-24.104313167341093,0.03514671974038513,-7.274611976085468
117.725,-24.000336542874066,-0.6779910907942374,-6.847063043230952
117.75,-23.922923301850346,-1.6610259847897035,-6.869704753141233
117.775,-23.7105086833491,-2.7927462401529723,-7.015648911542087
117.8,-23.53105277276254,-3.847968956366488,-6.879185714098665
117.825,-23.42034348865329,-4.764322807484753,-6.4653913698690415
117.85,-23.305784385380154,-5.584376369463391,-5.7500988332540155
117.875,-23.2136620584311,-6.3802361950169475,-4.610139983669502
117.9,-23.280931126546417,-7.167367496261156,-3.2439065813506867
117.925,-23.236699587443884,-7.97303296451133,-2.1381175678863555
117.95,-22.744132693201816,-8.68542684102032,-1.6027912986571893
117.975,-21.98174894088632,-9.073821313427835,-1.67856157720032
118.0,-21.060707625311885,-8.957316155063133,-2.0915733018445613
118.025,-20.056945519008252,-8.106268502898539,-2.4367494271799828
118.05,-19.271700289172692,-6.74370865075622,-2.4482047516870193
118.075,-19.034424286888374,-5.5750394914258345,-2.120813151901836
118.1,-19.060597136824725,-4.792437788332955,-1.8375964497778385
118.125,-18.950959402272822,-3.953287836635638,-1.8520601355594417
118.15,-18.94298261214686,-2.778445983038564,-1.871703253989623
118.175,-19.52039974565946,-1.2921630645051518,-1.1903902307722563
118.2,-20.783860285050544,0.2011682162702287,0.6600589164928011
118.225,-22.41962370650541,1.4161821102430363,3.178028343982225
118.25,-24.20074467294942,2.3316762644495306,5.4099576325494105
118.275,-25.947683780398638,3.063863528777709,6.840222725459596
118.3,-27.49398676078029,3.834299912735915,7.620962828882969
118.325,-29.04174914243384,4.899694216814053,8.06738060273963
118.35,-31.029946794953283,6.493381503845399,8.554178242538338
118.375,-33.10884578611746,8.628949237570799,9.444065836771685
118.4,-34.61191236346808,11.103598882103382,10.592150181048689
118.425,-35.582489163510665,13.524000133572502,11.432499426238266
118.45,-36.34386720408789,15.678361854920645,11.751376069116644
118.475,-36.8049666971045,17.589781957741405,11.612661138487589
118.5,-36.870528413362216,19.586641409528205,10.910123684177716
118.525,-36.64871026281268,21.81189595705588,9.804904864733901
118.55,-36.295972890381385,23.87312372442169,8.76442470686221
118.575,-36.004013063673604,25.40675276615477,7.880300409430165
118.6,-36.09214258436813,26.47526500352428,7.074037876601569
118.625,-36.65671077755154,27.42246259775695,6.483770514068417
118.65,-37.469504024570945,28.507906130202986,6.34880262787088
118.675,-38.29186036798084,29.653064393525504,6.670696314824288
118.7,-38.90437120911946,30.70500202812518,7.209431564929881
118.725,-39.21533446021625,31.6643255305025,7.719382535769026
118.75,-39.17698388819199,32.418457703153734,7.9819489115131566
118.775,-38.59298957883692,32.7772003774955,7.8139881760750844
118.8,-37.37420943301375,32.6757776495536,7.240950200695685
118.825,-35.75630242130023,32.163149100533715,6.577399073241737
118.85,-34.054871993594595,31.23401906157256,6.220297309280713
118.875,-32.60297004663843,29.835243890061648,6.50047177234509
118.9,-31.726680909853894,27.954096386162608,7.546175200250121
118.925,-31.386915772865496,25.600983094079975,9.089460993952123
118.95,-31.114313876781292,22.801497640573533,10.471136687749627
118.975,-30.43514713353619,19.71966084582583,11.126430010786697
119.0,-29.239014630223647,16.605062040368306,10.848557059646057
119.025,-27.83785168048809,13.561864313186321,9.568318229348122
119.05,-26.726754722581518,10.652906804815238,7.449116723137413
119.075,-26.15982111763318,8.105335003538771,5.01081447370785
119.1,-26.186590926598345,6.060592278171715,2.697033815474689
119.125,-26.755932965531503,4.444953979825182,0.6939536257717963
119.15,-27.643267262692664,3.1500627372445944,-0.7878336308599992
119.175,-28.419933668378473,2.080541042836913,-1.5815328880626
119.2,-28.85103760349533,1.0612619187909649,-1.8302378951655593
119.225,-29.04069160233254,0.07080185769995063,-1.801208704176271
119.25,-29.141830646431018,-0.6850316713180425,-1.6554803582740405
119.275,-29.16409797134891,-1.1487919010166618,-1.6135743632423538
119.3,-29.201315779557273,-1.4447031273492628,-1.8995884319261183
119.325,-29.34245456272976,-1.5348919432320858,-2.5046998999505297
119.35,-29.387008346258252,-1.3433761835592855,-3.2506526796189337
119.375,-29.19042927681637,-1.120910334982984,-3.9131641685175897
119.4,-28.88178323738071,-1.0847159732926859,-4.19091924869484
119.425,-28.62945172515816,-1.2672202128733665,-3.957331437700247
119.45,-28.51528952266388,-1.7553313170503009,-3.5315670799736134
119.475,-28.670073973709,-2.517418532680178,-3.2046731977138196
119.5,-29.087289885214947,-3.3733852338588557,-2.9879413811571207
119.525,-29.612588371833603,-4.205320194179864,-2.973198388827076
119.55,-30.13123819352632,-4.845758840043749,-3.372401533165956
119.575,-30.578228351922355,-5.059642393775054,-4.06915323659134
119.6,-30.986699344060874,-4.936278896830858,-4.686680668224606
119.625,-31.494688447191518,-4.81658049672029,-5.02574412693427
119.65,-32.0954913944213,-4.8871191647424235,-5.1094395088193645
119.675,-32.76440759557646,-4.948657761365106,-5.061227665802046
119.7,-33.61064610973388,-4.807406312686373,-4.990775494797459
119.725,-34.69155013292367,-4.588898567595023,-4.868602956969807
119.75,-35.810029112130195,-4.498884750890185,-4.656515810547816
